y,x
5,444
5,445
5,446
5,447
5,448
5,449
5,450
5,451
5,452
5,453
6,444
6,445
6,446
6,447
6,448
6,449
6,450
6,451
6,452
6,453
7,6
7,7
7,8
7,9
7,10
7,11
7,12
7,13
7,14
7,15
7,16
7,17
7,18
7,19
7,20
7,21
7,22
7,23
7,24
7,444
7,445
7,446
7,447
7,448
7,449
7,450
7,451
7,452
7,453
8,6
8,7
8,8
8,9
8,11
8,12
8,13
8,14
8,15
8,16
8,17
8,18
8,19
8,20
8,21
8,22
8,23
8,24
8,444
8,445
8,446
8,447
8,448
8,449
8,450
8,451
8,452
8,453
9,6
9,7
9,9
9,10
9,15
9,16
9,17
9,18
9,19
9,20
9,21
9,22
9,23
9,24
9,444
9,445
9,446
9,447
9,449
9,450
9,451
9,452
9,453
9,454
10,6
10,7
10,9
10,10
10,15
10,16
10,17
10,18
10,19
10,20
10,21
10,22
10,23
10,24
10,444
10,445
10,446
10,447
10,449
10,452
10,453
10,454
11,6
11,7
11,8
11,9
11,10
11,11
11,12
11,13
11,16
11,17
11,18
11,19
11,20
11,21
11,22
11,23
11,24
11,444
11,445
11,446
11,447
11,449
11,452
11,453
12,6
12,7
12,8
12,9
12,10
12,11
12,12
12,13
12,14
12,15
12,16
12,17
12,18
12,19
12,20
12,21
12,22
12,23
12,24
12,444
12,445
12,446
12,447
12,449
12,450
12,451
12,452
12,453
13,6
13,7
13,8
13,9
13,10
13,11
13,12
13,13
13,14
13,15
13,16
13,17
13,18
13,19
13,20
13,21
13,22
13,23
13,24
13,444
13,445
13,446
13,447
13,448
13,449
13,450
13,451
13,452
13,453
14,6
14,8
14,9
14,10
14,11
14,14
14,15
14,16
14,17
14,18
14,19
14,20
14,21
14,22
14,23
14,24
14,444
14,445
14,447
14,448
14,449
14,450
14,451
14,452
14,453
15,6
15,7
15,8
15,9
15,10
15,11
15,16
15,17
15,18
15,19
15,20
15,21
15,22
15,23
15,24
15,444
15,445
15,447
15,448
15,449
15,450
15,451
15,452
15,453
16,6
16,7
16,12
16,15
16,16
16,18
16,19
16,20
16,23
16,24
16,445
16,446
16,447
16,448
16,449
16,450
16,451
16,452
16,453
17,6
17,12
17,13
17,14
17,15
17,16
17,17
17,18
17,19
17,20
17,21
17,22
17,23
17,24
17,445
17,446
17,447
17,448
17,449
17,450
17,451
17,452
17,453
18,6
18,10
18,11
18,13
18,14
18,17
18,18
18,19
18,20
18,21
18,22
18,23
18,24
19,6
19,9
19,10
19,11
19,12
19,13
19,14
19,16
19,17
19,18
19,19
19,20
19,21
19,22
19,23
19,24
20,6
20,8
20,9
20,10
20,11
20,12
20,13
20,14
20,17
20,18
20,19
20,20
20,21
20,22
20,23
20,24
21,6
21,7
21,8
21,9
21,10
21,11
21,12
21,13
21,14
21,15
21,17
21,18
21,19
21,20
21,21
21,22
21,23
21,24
22,6
22,7
22,8
22,9
22,12
22,13
22,14
22,15
22,16
22,17
22,18
22,19
22,20
22,21
22,22
22,23
22,24
23,6
23,7
23,8
23,12
23,13
23,14
23,15
23,16
23,17
23,18
23,19
23,20
23,21
23,22
23,23
23,24
24,6
24,12
24,13
24,14
24,15
24,16
24,17
24,18
24,19
24,20
24,21
24,22
24,23
24,24
25,6
25,7
25,8
25,9
25,10
25,12
25,13
25,14
25,16
25,17
25,18
25,19
25,20
25,21
25,22
25,23
25,24
26,6
26,7
26,8
26,9
26,10
26,13
26,14
26,17
26,18
26,19
26,20
26,21
26,22
26,23
26,24
27,6
27,7
27,8
27,9
27,10
27,11
27,12
27,13
27,14
27,16
27,17
27,18
27,19
27,20
27,21
27,22
27,23
27,24
28,7
28,8
28,9
28,10
28,11
28,12
28,17
28,18
28,19
28,20
28,21
28,22
35,104
35,105
35,106
35,107
35,108
35,109
35,110
35,111
35,112
35,576
35,577
35,578
35,579
35,580
35,581
35,582
35,583
35,584
35,585
35,586
35,587
35,588
35,589
35,590
35,591
35,592
35,593
35,594
35,595
36,6
36,7
36,8
36,9
36,10
36,11
36,12
36,13
36,14
36,15
36,16
36,17
36,18
36,104
36,105
36,106
36,107
36,108
36,109
36,110
36,111
36,112
36,113
36,575
36,576
36,577
36,578
36,579
36,580
36,581
36,582
36,583
36,584
36,585
36,586
36,587
36,588
36,589
36,590
36,591
36,592
36,593
36,594
36,595
37,6
37,7
37,8
37,9
37,10
37,11
37,12
37,13
37,14
37,15
37,16
37,17
37,18
37,104
37,105
37,106
37,107
37,108
37,109
37,110
37,111
37,112
37,113
37,575
37,576
37,577
37,578
37,579
37,581
37,582
37,583
37,584
37,588
37,589
37,590
37,591
37,592
37,593
37,594
37,595
38,6
38,7
38,8
38,9
38,11
38,12
38,13
38,16
38,17
38,18
38,104
38,105
38,106
38,107
38,108
38,109
38,110
38,111
38,112
38,113
38,575
38,576
38,577
38,578
38,579
38,580
38,581
38,582
38,583
38,584
38,585
38,588
38,589
38,590
38,591
38,592
38,593
38,594
38,595
39,6
39,7
39,8
39,9
39,10
39,11
39,12
39,13
39,14
39,15
39,16
39,17
39,18
39,104
39,105
39,106
39,107
39,108
39,109
39,110
39,111
39,112
39,113
39,575
39,576
39,577
39,578
39,579
39,580
39,581
39,582
39,583
39,584
39,585
39,587
39,588
39,589
39,590
39,591
39,592
39,593
39,594
39,595
40,6
40,7
40,8
40,12
40,13
40,14
40,15
40,16
40,17
40,18
40,104
40,105
40,107
40,108
40,109
40,110
40,111
40,112
40,113
40,575
40,576
40,577
40,578
40,579
40,580
40,581
40,582
40,583
40,587
40,588
40,589
40,590
40,591
40,592
40,593
40,594
40,595
41,6
41,8
41,10
41,11
41,12
41,13
41,14
41,16
41,17
41,18
41,104
41,105
41,106
41,107
41,108
41,109
41,110
41,111
41,112
41,113
41,314
41,315
41,316
41,317
41,318
41,319
41,320
41,321
41,322
41,323
41,324
41,575
41,576
41,577
41,578
41,579
41,580
41,581
41,582
41,585
41,586
41,590
41,591
41,592
41,593
41,594
41,595
42,6
42,8
42,10
42,11
42,12
42,13
42,14
42,15
42,16
42,17
42,18
42,104
42,105
42,106
42,107
42,108
42,109
42,110
42,111
42,112
42,113
42,314
42,315
42,316
42,317
42,318
42,319
42,320
42,321
42,322
42,323
42,324
42,575
42,576
42,577
42,578
42,579
42,580
42,581
42,583
42,584
42,585
42,586
42,587
42,588
42,589
42,590
42,591
42,592
42,593
42,594
42,595
43,6
43,7
43,8
43,9
43,10
43,11
43,12
43,13
43,14
43,15
43,16
43,17
43,18
43,104
43,105
43,106
43,110
43,111
43,112
43,113
43,314
43,315
43,316
43,317
43,318
43,319
43,320
43,321
43,323
43,324
43,576
43,577
43,578
43,579
43,580
43,581
43,582
43,583
43,584
43,585
43,586
43,588
43,589
43,590
43,591
43,592
43,593
43,594
43,595
44,6
44,7
44,8
44,9
44,10
44,11
44,13
44,14
44,15
44,16
44,17
44,18
44,104
44,105
44,106
44,107
44,111
44,112
44,113
44,314
44,316
44,317
44,318
44,319
44,320
44,323
44,324
44,575
44,576
44,577
44,578
44,579
44,580
44,581
44,582
44,583
44,584
44,585
44,586
44,587
44,588
44,589
44,590
44,591
44,592
44,595
45,6
45,7
45,8
45,9
45,10
45,11
45,12
45,13
45,14
45,15
45,16
45,17
45,18
45,104
45,105
45,106
45,107
45,108
45,109
45,112
45,113
45,314
45,315
45,316
45,317
45,318
45,319
45,320
45,323
45,324
45,575
45,576
45,577
45,578
45,579
45,580
45,581
45,582
45,583
45,584
45,585
45,586
45,587
45,588
45,589
45,590
45,591
45,592
45,594
45,595
46,6
46,8
46,9
46,10
46,11
46,12
46,13
46,14
46,15
46,16
46,17
46,18
46,104
46,105
46,106
46,107
46,108
46,109
46,110
46,111
46,112
46,113
46,314
46,315
46,316
46,317
46,318
46,319
46,320
46,321
46,322
46,323
46,324
46,575
46,576
46,577
46,578
46,579
46,580
46,581
46,582
46,583
46,584
46,585
46,586
46,587
46,588
46,589
46,590
46,591
46,592
46,593
46,594
46,595
47,6
47,12
47,13
47,14
47,15
47,16
47,17
47,18
47,104
47,105
47,106
47,109
47,110
47,111
47,112
47,113
47,314
47,315
47,316
47,317
47,319
47,320
47,321
47,322
47,323
47,324
47,575
47,578
47,579
47,580
47,581
47,582
47,583
47,584
47,585
47,586
47,588
47,589
47,590
47,591
47,592
47,593
47,594
47,595
48,6
48,13
48,14
48,15
48,16
48,17
48,18
48,104
48,105
48,106
48,109
48,110
48,111
48,112
48,113
48,314
48,315
48,316
48,317
48,318
48,319
48,320
48,322
48,323
48,324
48,575
48,576
48,578
48,579
48,580
48,581
48,582
48,583
48,584
48,585
48,586
48,587
48,588
48,589
48,590
48,591
48,592
48,593
48,594
48,595
49,6
49,14
49,15
49,16
49,17
49,18
49,104
49,105
49,106
49,107
49,108
49,110
49,111
49,112
49,113
49,314
49,315
49,316
49,317
49,318
49,319
49,320
49,321
49,322
49,323
49,324
49,575
49,576
49,579
49,580
49,581
49,582
49,583
49,584
49,585
49,586
49,587
49,588
49,589
49,590
49,591
49,592
49,593
49,594
49,595
50,6
50,7
50,8
50,9
50,10
50,11
50,14
50,15
50,16
50,17
50,18
50,104
50,105
50,106
50,107
50,108
50,109
50,110
50,111
50,112
50,314
50,315
50,317
50,318
50,319
50,320
50,321
50,322
50,323
50,324
50,575
50,576
50,578
50,579
50,580
50,581
50,582
50,583
50,586
50,587
50,588
50,589
50,590
50,591
50,592
50,595
51,7
51,8
51,9
51,10
51,11
51,12
51,13
51,14
51,15
51,16
51,17
51,166
51,167
51,168
51,169
51,170
51,171
51,172
51,173
51,174
51,175
51,176
51,314
51,316
51,317
51,318
51,319
51,320
51,321
51,322
51,323
51,324
51,575
51,576
51,577
51,578
51,579
51,581
51,582
51,583
51,584
51,589
51,590
51,591
51,592
51,593
51,594
51,595
52,165
52,166
52,167
52,168
52,169
52,170
52,171
52,172
52,173
52,174
52,175
52,176
52,177
52,314
52,315
52,318
52,319
52,320
52,321
52,322
52,323
52,324
52,575
52,576
52,577
52,578
52,579
52,580
52,581
52,582
52,583
52,584
52,585
52,586
52,587
52,588
52,589
52,590
52,591
52,592
52,593
52,594
52,595
53,166
53,167
53,168
53,169
53,170
53,171
53,172
53,173
53,174
53,175
53,176
53,177
53,314
53,315
53,316
53,317
53,318
53,319
53,320
53,321
53,322
53,323
53,324
54,166
54,167
54,168
54,169
54,170
54,171
54,172
54,173
54,174
54,175
54,176
54,177
54,314
54,315
54,316
54,317
54,318
54,319
54,320
54,321
54,322
54,323
54,324
55,165
55,166
55,168
55,169
55,170
55,171
55,172
55,173
55,174
55,175
55,176
55,177
56,165
56,166
56,169
56,170
56,171
56,172
56,173
56,174
56,175
56,176
56,177
57,165
57,166
57,167
57,168
57,169
57,170
57,173
57,174
57,175
57,176
57,177
58,165
58,166
58,167
58,168
58,169
58,170
58,171
58,172
58,173
58,174
58,175
58,176
58,177
58,211
58,212
58,213
58,214
58,215
58,217
58,218
58,219
58,220
58,221
58,222
58,223
58,224
58,225
58,226
59,165
59,166
59,167
59,168
59,169
59,170
59,171
59,172
59,173
59,175
59,176
59,177
59,210
59,211
59,212
59,213
59,214
59,215
59,216
59,217
59,218
59,219
59,220
59,221
59,222
59,223
59,224
59,225
59,226
60,165
60,166
60,167
60,168
60,169
60,170
60,171
60,172
60,173
60,174
60,175
60,176
60,177
60,210
60,211
60,213
60,214
60,215
60,216
60,217
60,218
60,219
60,220
60,221
60,222
60,223
60,224
60,225
60,226
61,165
61,166
61,167
61,168
61,169
61,170
61,171
61,172
61,173
61,174
61,175
61,176
61,177
61,210
61,211
61,212
61,213
61,214
61,215
61,216
61,217
61,218
61,219
61,220
61,221
61,222
61,223
61,224
61,225
61,226
62,165
62,166
62,167
62,168
62,169
62,170
62,171
62,172
62,173
62,174
62,175
62,176
62,177
62,210
62,211
62,212
62,213
62,214
62,215
62,216
62,217
62,218
62,219
62,220
62,221
62,224
62,225
62,226
63,165
63,166
63,167
63,168
63,169
63,170
63,171
63,172
63,173
63,174
63,175
63,176
63,177
63,210
63,211
63,212
63,213
63,214
63,215
63,216
63,217
63,218
63,219
63,220
63,221
63,222
63,223
63,224
63,225
63,226
64,165
64,166
64,167
64,168
64,169
64,170
64,171
64,172
64,173
64,174
64,175
64,176
64,177
64,210
64,211
64,212
64,213
64,214
64,215
64,216
64,217
64,218
64,219
64,220
64,221
64,222
64,223
64,225
64,226
65,165
65,166
65,167
65,168
65,169
65,170
65,171
65,173
65,174
65,175
65,176
65,177
65,210
65,211
65,212
65,213
65,214
65,215
65,216
65,217
65,218
65,219
65,220
65,221
65,222
65,223
65,224
65,225
65,226
66,165
66,166
66,167
66,168
66,169
66,170
66,171
66,172
66,173
66,174
66,175
66,176
66,177
66,210
66,211
66,212
66,213
66,214
66,215
66,216
66,217
66,218
66,219
66,220
66,221
66,222
66,223
66,224
66,225
66,226
67,210
67,211
67,212
67,213
67,214
67,215
67,216
67,217
67,218
67,219
67,220
67,221
67,222
67,223
67,224
67,225
67,226
67,549
67,550
67,551
67,552
67,553
67,554
67,555
67,556
67,557
67,558
67,559
68,210
68,211
68,212
68,213
68,214
68,215
68,216
68,217
68,218
68,220
68,221
68,222
68,223
68,224
68,225
68,226
68,549
68,550
68,551
68,552
68,553
68,554
68,555
68,556
68,557
68,558
68,559
68,560
69,210
69,211
69,212
69,213
69,214
69,215
69,216
69,220
69,223
69,224
69,225
69,226
69,549
69,550
69,551
69,552
69,553
69,554
69,555
69,556
69,557
69,558
69,559
69,560
70,210
70,211
70,212
70,213
70,214
70,215
70,216
70,219
70,220
70,221
70,222
70,225
70,226
70,549
70,550
70,551
70,552
70,553
70,554
70,555
70,556
70,557
70,558
70,559
70,560
71,210
71,211
71,213
71,214
71,215
71,217
71,218
71,220
71,221
71,222
71,226
71,549
71,550
71,551
71,552
71,553
71,554
71,555
71,557
71,558
71,559
71,560
72,210
72,211
72,212
72,213
72,214
72,215
72,216
72,217
72,220
72,221
72,222
72,223
72,224
72,225
72,226
72,549
72,550
72,551
72,552
72,553
72,554
72,558
72,559
72,560
73,210
73,211
73,212
73,213
73,214
73,216
73,217
73,218
73,219
73,220
73,221
73,222
73,223
73,224
73,225
73,226
73,549
73,550
73,551
73,552
73,555
73,556
73,557
73,558
73,559
73,560
74,210
74,211
74,212
74,213
74,214
74,219
74,220
74,221
74,222
74,223
74,224
74,225
74,226
74,549
74,550
74,551
74,552
74,553
74,556
74,557
74,558
74,559
74,560
75,210
75,211
75,212
75,213
75,214
75,219
75,220
75,221
75,222
75,223
75,224
75,225
75,226
75,549
75,550
75,551
75,552
75,553
75,554
75,555
75,557
75,558
75,559
75,560
76,210
76,211
76,212
76,213
76,214
76,215
76,216
76,217
76,218
76,219
76,220
76,221
76,222
76,223
76,224
76,225
76,226
76,549
76,550
76,551
76,552
76,553
76,554
76,555
76,556
76,557
76,558
76,560
77,211
77,219
77,224
77,225
77,226
77,549
77,550
77,551
77,552
77,553
77,554
77,555
77,556
77,557
77,558
77,559
77,560
78,549
78,550
78,551
78,552
78,553
78,554
78,555
78,556
78,557
78,558
78,559
78,560
79,549
79,550
79,551
79,552
79,553
79,554
79,555
79,556
79,557
79,558
79,559
79,560
79,592
79,593
79,594
79,595
79,596
79,597
79,598
79,599
79,600
79,601
79,602
80,549
80,550
80,551
80,552
80,553
80,554
80,555
80,556
80,557
80,558
80,559
80,560
80,591
80,592
80,593
80,594
80,595
80,596
80,597
80,598
80,599
80,600
80,601
80,602
81,549
81,550
81,552
81,553
81,554
81,555
81,556
81,557
81,559
81,560
81,591
81,592
81,593
81,594
81,595
81,596
81,597
81,598
81,599
81,600
81,601
81,602
82,549
82,550
82,551
82,552
82,553
82,554
82,555
82,556
82,559
82,560
82,591
82,592
82,593
82,594
82,595
82,596
82,597
82,598
82,599
82,600
82,601
82,602
83,549
83,550
83,551
83,552
83,553
83,554
83,555
83,556
83,557
83,559
83,560
83,591
83,592
83,593
83,594
83,595
83,596
83,597
83,598
83,599
83,600
83,601
83,602
84,549
84,550
84,551
84,552
84,553
84,554
84,555
84,556
84,557
84,558
84,559
84,560
84,591
84,592
84,593
84,594
84,595
84,596
84,597
84,598
84,599
84,600
84,601
84,602
85,550
85,551
85,552
85,556
85,557
85,558
85,591
85,593
85,594
85,595
85,596
85,597
85,598
85,599
85,600
85,601
85,602
86,591
86,594
86,595
86,596
86,597
86,598
86,599
86,600
86,601
86,602
87,591
87,593
87,594
87,595
87,596
87,597
87,598
87,599
87,600
87,601
87,602
88,591
88,593
88,594
88,595
88,596
88,597
88,598
88,600
88,601
88,602
89,591
89,592
89,593
89,594
89,595
89,596
89,597
89,598
89,599
89,600
89,601
89,602
90,594
90,595
90,596
90,597
106,227
106,228
106,229
106,230
106,231
106,232
106,233
106,234
106,235
106,236
106,237
106,238
106,239
106,240
106,241
106,242
106,243
106,244
106,245
106,246
106,247
106,248
107,227
107,228
107,229
107,230
107,231
107,232
107,233
107,234
107,235
107,236
107,237
107,238
107,239
107,240
107,241
107,242
107,243
107,244
107,246
107,247
107,248
108,227
108,228
108,229
108,230
108,231
108,232
108,233
108,234
108,235
108,236
108,237
108,238
108,239
108,240
108,241
108,242
108,243
108,244
108,245
108,246
108,247
108,248
109,227
109,228
109,229
109,230
109,231
109,232
109,233
109,234
109,235
109,236
109,237
109,238
109,239
109,240
109,241
109,242
109,243
109,244
109,246
109,247
109,248
110,227
110,229
110,230
110,231
110,233
110,234
110,235
110,236
110,237
110,238
110,239
110,240
110,241
110,242
110,244
110,245
110,246
110,247
110,248
111,227
111,228
111,229
111,230
111,231
111,232
111,233
111,234
111,235
111,236
111,237
111,238
111,239
111,240
111,241
111,242
111,244
111,245
111,246
111,247
111,248
111,468
111,469
111,470
111,471
111,472
111,473
111,474
111,475
111,476
111,477
111,478
111,479
111,480
111,481
112,227
112,228
112,229
112,230
112,231
112,232
112,233
112,234
112,235
112,236
112,237
112,238
112,239
112,240
112,241
112,242
112,243
112,244
112,245
112,246
112,247
112,248
112,467
112,468
112,469
112,470
112,471
112,472
112,473
112,474
112,475
112,476
112,477
112,478
112,479
112,480
112,481
113,226
113,227
113,228
113,229
113,230
113,231
113,232
113,233
113,234
113,235
113,236
113,237
113,238
113,239
113,240
113,241
113,242
113,243
113,244
113,245
113,246
113,247
113,248
113,467
113,468
113,469
113,472
113,473
113,474
113,475
113,476
113,477
113,478
113,479
113,480
113,481
114,227
114,230
114,231
114,232
114,233
114,234
114,235
114,236
114,237
114,238
114,239
114,240
114,241
114,242
114,243
114,244
114,245
114,246
114,247
114,248
114,330
114,331
114,332
114,333
114,334
114,335
114,338
114,339
114,340
114,341
114,342
114,343
114,467
114,468
114,469
114,470
114,472
114,473
114,474
114,475
114,476
114,477
114,478
114,479
114,480
114,481
115,227
115,229
115,230
115,231
115,232
115,233
115,234
115,235
115,236
115,237
115,238
115,239
115,240
115,241
115,242
115,243
115,244
115,245
115,246
115,247
115,248
115,328
115,329
115,330
115,331
115,332
115,333
115,334
115,335
115,336
115,337
115,338
115,339
115,340
115,341
115,342
115,343
115,344
115,468
115,469
115,470
115,471
115,472
115,473
115,474
115,475
115,476
115,477
115,478
115,479
115,480
115,481
116,227
116,229
116,230
116,231
116,232
116,233
116,234
116,236
116,237
116,238
116,239
116,242
116,243
116,244
116,245
116,246
116,247
116,248
116,328
116,329
116,330
116,331
116,332
116,333
116,334
116,335
116,336
116,337
116,338
116,339
116,340
116,341
116,342
116,343
116,344
116,468
116,469
116,470
116,471
116,473
116,474
116,475
116,476
116,477
116,478
116,479
116,480
116,481
117,227
117,228
117,229
117,230
117,231
117,232
117,233
117,234
117,237
117,238
117,239
117,243
117,244
117,245
117,246
117,247
117,248
117,328
117,329
117,330
117,331
117,332
117,333
117,334
117,335
117,336
117,337
117,338
117,339
117,340
117,341
117,342
117,343
117,344
117,468
117,469
117,470
117,471
117,473
117,474
117,475
117,476
117,477
117,478
117,479
117,480
117,481
118,132
118,227
118,228
118,229
118,230
118,232
118,233
118,234
118,235
118,236
118,237
118,238
118,239
118,240
118,241
118,242
118,243
118,244
118,245
118,246
118,247
118,248
118,328
118,329
118,330
118,331
118,332
118,333
118,334
118,335
118,336
118,337
118,338
118,339
118,340
118,341
118,342
118,343
118,344
118,468
118,470
118,472
118,473
118,474
118,475
118,476
118,477
118,478
118,480
118,481
119,227
119,228
119,229
119,234
119,235
119,236
119,237
119,240
119,241
119,242
119,243
119,244
119,245
119,246
119,247
119,248
119,328
119,329
119,330
119,332
119,333
119,334
119,335
119,336
119,338
119,339
119,340
119,341
119,342
119,343
119,344
119,468
119,469
119,471
119,472
119,473
119,476
119,477
119,478
119,481
120,227
120,228
120,231
120,234
120,235
120,236
120,238
120,239
120,240
120,241
120,242
120,243
120,244
120,245
120,246
120,247
120,248
120,328
120,329
120,330
120,331
120,332
120,335
120,336
120,338
120,339
120,340
120,341
120,342
120,343
120,344
120,468
120,469
120,470
120,471
120,472
120,473
120,475
120,476
120,477
120,481
121,227
121,228
121,229
121,231
121,232
121,233
121,234
121,235
121,236
121,238
121,239
121,240
121,241
121,242
121,243
121,244
121,245
121,246
121,247
121,248
121,328
121,329
121,330
121,331
121,332
121,333
121,334
121,335
121,336
121,337
121,338
121,339
121,340
121,341
121,342
121,343
121,344
121,468
121,469
121,470
121,471
121,472
121,473
121,475
121,476
121,477
121,479
121,480
121,481
122,227
122,228
122,229
122,230
122,231
122,232
122,233
122,234
122,235
122,236
122,238
122,239
122,240
122,241
122,242
122,243
122,244
122,245
122,246
122,247
122,248
122,328
122,329
122,330
122,331
122,332
122,333
122,334
122,335
122,336
122,337
122,339
122,340
122,341
122,343
122,344
122,468
122,469
122,470
122,471
122,472
122,473
122,474
122,475
122,476
122,477
122,478
122,479
122,480
122,481
123,227
123,228
123,229
123,231
123,232
123,233
123,234
123,235
123,236
123,238
123,240
123,241
123,242
123,243
123,245
123,246
123,247
123,248
123,328
123,329
123,330
123,331
123,332
123,333
123,334
123,335
123,336
123,338
123,339
123,340
123,341
123,343
123,344
124,227
124,229
124,230
124,231
124,232
124,233
124,234
124,235
124,236
124,240
124,241
124,242
124,243
124,245
124,246
124,247
124,248
124,328
124,329
124,330
124,331
124,332
124,333
124,334
124,335
124,336
124,338
124,339
124,340
124,341
124,342
124,343
124,344
125,227
125,228
125,229
125,230
125,231
125,232
125,233
125,234
125,235
125,236
125,237
125,238
125,239
125,240
125,241
125,242
125,243
125,245
125,246
125,247
125,248
125,328
125,330
125,331
125,332
125,333
125,334
125,335
125,336
125,337
125,338
125,339
125,340
125,341
125,342
125,343
125,344
126,228
126,229
126,230
126,231
126,232
126,233
126,234
126,235
126,236
126,237
126,238
126,239
126,240
126,241
126,242
126,243
126,244
126,245
126,246
126,247
126,248
126,328
126,329
126,330
126,331
126,332
126,333
126,334
126,335
126,337
126,338
126,339
126,340
126,341
126,342
126,343
126,344
127,328
127,329
127,330
127,331
127,332
127,333
127,334
127,338
127,339
127,340
127,341
127,342
127,343
127,344
128,159
128,160
128,161
128,162
128,163
128,164
128,165
128,166
128,167
128,168
128,169
128,170
128,171
128,172
128,173
128,174
128,328
128,329
128,330
128,331
128,332
128,333
128,334
128,339
128,340
128,341
128,343
128,344
129,159
129,160
129,161
129,164
129,167
129,168
129,169
129,170
129,171
129,172
129,173
129,174
129,328
129,329
129,332
129,333
129,334
129,337
129,338
129,339
129,340
129,341
129,342
129,343
129,344
130,159
130,160
130,161
130,164
130,167
130,168
130,169
130,170
130,171
130,173
130,174
130,328
130,329
130,330
130,331
130,333
130,334
130,335
130,337
130,338
130,339
130,340
130,341
130,342
130,343
130,344
131,159
131,160
131,161
131,163
131,164
131,165
131,166
131,167
131,168
131,169
131,170
131,171
131,173
131,174
131,328
131,329
131,330
131,331
131,333
131,334
131,335
131,336
131,337
131,338
131,339
131,340
131,341
131,343
131,344
132,159
132,160
132,161
132,163
132,164
132,165
132,166
132,167
132,168
132,169
132,170
132,171
132,173
132,174
132,328
132,329
132,330
132,331
132,332
132,333
132,334
132,335
132,336
132,337
132,338
132,339
132,340
132,341
132,342
132,343
132,344
133,159
133,160
133,161
133,163
133,164
133,165
133,166
133,167
133,168
133,169
133,170
133,171
133,173
133,174
133,328
133,329
133,330
133,331
133,332
133,333
133,334
133,335
133,336
133,337
133,338
133,339
133,340
133,341
133,342
133,343
133,344
134,159
134,160
134,161
134,162
134,163
134,164
134,165
134,166
134,167
134,168
134,169
134,170
134,171
134,173
134,174
134,328
134,329
134,330
134,334
134,335
134,336
134,337
134,338
134,339
134,340
134,341
134,342
134,343
134,344
135,159
135,160
135,161
135,162
135,164
135,165
135,166
135,167
135,168
135,169
135,170
135,171
135,173
135,174
135,328
135,329
135,330
135,331
135,334
135,335
135,336
135,337
135,338
135,339
135,340
135,341
135,342
135,343
135,344
136,159
136,160
136,161
136,162
136,163
136,165
136,166
136,167
136,168
136,169
136,170
136,171
136,172
136,173
136,174
136,328
136,329
136,330
136,331
136,332
136,333
136,334
136,335
136,336
136,337
136,338
136,339
136,340
136,341
136,342
136,343
136,344
137,159
137,160
137,161
137,162
137,163
137,164
137,165
137,166
137,170
137,171
137,172
137,173
137,174
137,328
137,329
137,330
137,331
137,332
137,333
137,334
137,336
137,337
137,338
137,339
137,340
137,341
137,342
137,343
137,344
138,159
138,160
138,161
138,162
138,163
138,164
138,165
138,170
138,171
138,172
138,173
138,174
138,328
138,329
138,330
138,331
138,332
138,333
138,334
138,335
138,337
138,338
138,339
138,340
138,341
138,342
138,343
138,344
139,159
139,160
139,161
139,162
139,163
139,164
139,165
139,170
139,171
139,172
139,173
139,174
139,328
139,329
139,330
139,331
139,332
139,333
139,334
139,335
139,336
139,337
139,338
139,339
139,340
139,341
139,342
139,343
139,344
140,159
140,160
140,161
140,162
140,163
140,164
140,170
140,171
140,173
140,174
140,328
140,329
140,331
140,332
140,333
140,334
140,336
140,337
140,338
140,341
140,342
140,343
140,344
141,159
141,160
141,161
141,162
141,163
141,164
141,165
141,166
141,167
141,168
141,169
141,170
141,171
141,172
141,173
141,174
141,328
141,329
141,330
141,331
141,334
141,335
141,336
141,337
141,338
141,339
141,340
141,341
141,342
141,343
141,344
142,160
142,162
142,163
142,164
142,165
142,166
142,169
142,170
142,328
142,329
142,330
142,331
142,332
142,333
142,334
142,335
142,336
142,337
142,339
142,340
142,341
142,342
142,343
142,344
143,328
143,329
143,330
143,331
143,332
143,333
143,334
143,335
143,338
143,339
143,340
143,341
143,342
143,343
143,344
144,328
144,329
144,330
144,331
144,332
144,333
144,334
144,335
144,336
144,337
144,338
144,339
144,340
144,341
144,342
144,343
144,344
145,187
145,328
145,329
145,330
145,331
145,332
145,333
145,334
145,335
145,336
145,337
145,338
145,339
145,340
145,341
145,342
145,343
154,9
154,10
154,11
154,12
154,13
154,14
154,15
154,16
154,17
154,18
154,585
154,586
154,587
154,588
154,589
154,590
154,591
154,592
154,593
154,594
154,595
154,596
155,9
155,10
155,11
155,12
155,13
155,14
155,15
155,16
155,17
155,18
155,584
155,585
155,586
155,587
155,588
155,589
155,590
155,591
155,592
155,593
155,594
155,595
155,596
155,597
156,9
156,10
156,11
156,12
156,13
156,14
156,15
156,16
156,18
156,583
156,584
156,585
156,586
156,590
156,593
156,594
156,595
156,596
156,597
157,9
157,10
157,11
157,12
157,13
157,14
157,15
157,16
157,17
157,18
157,583
157,584
157,585
157,586
157,589
157,590
157,592
157,593
157,594
157,595
157,596
158,9
158,10
158,11
158,12
158,13
158,14
158,15
158,16
158,17
158,18
158,583
158,584
158,585
158,588
158,589
158,592
158,593
158,595
158,596
159,9
159,10
159,11
159,12
159,13
159,14
159,15
159,16
159,17
159,18
159,583
159,584
159,585
159,588
159,589
159,591
159,595
159,596
160,9
160,10
160,13
160,14
160,15
160,16
160,17
160,18
160,583
160,584
160,587
160,588
160,590
160,591
160,595
160,596
161,9
161,10
161,11
161,12
161,13
161,14
161,15
161,16
161,17
161,18
161,583
161,584
161,587
161,588
161,589
161,590
161,591
161,594
161,595
161,596
162,9
162,10
162,11
162,12
162,13
162,14
162,15
162,16
162,17
162,18
162,583
162,584
162,585
162,586
162,590
162,592
162,593
162,594
162,595
162,596
162,597
163,9
163,10
163,11
163,12
163,13
163,14
163,15
163,16
163,17
163,18
163,583
163,584
163,587
163,588
163,589
163,590
163,591
163,592
163,593
163,594
163,595
163,596
163,597
164,9
164,10
164,11
164,12
164,13
164,14
164,15
164,16
164,17
164,18
164,583
164,584
164,587
164,588
164,589
164,590
164,591
164,592
164,593
164,594
164,595
164,596
164,597
165,9
165,10
165,11
165,12
165,13
165,14
165,15
165,16
165,17
165,18
165,583
165,588
165,589
165,590
165,591
165,592
165,593
165,594
165,595
165,596
165,597
166,9
166,10
166,11
166,12
166,13
166,14
166,15
166,16
166,17
166,18
166,583
166,584
166,589
166,590
166,591
166,592
166,593
166,594
166,595
166,596
166,597
167,9
167,10
167,11
167,12
167,13
167,14
167,15
167,16
167,17
167,18
167,583
167,584
167,585
167,586
167,589
167,590
167,591
167,592
167,593
167,594
167,595
167,596
167,597
168,9
168,10
168,11
168,12
168,13
168,14
168,15
168,16
168,17
168,18
168,583
168,584
168,585
168,586
168,589
168,590
168,591
168,592
168,593
168,594
168,595
168,596
168,597
169,583
169,584
169,585
169,586
169,589
169,590
169,591
169,592
169,593
169,594
169,595
169,596
169,597
170,584
170,588
170,589
170,590
170,591
170,592
170,593
170,594
170,595
170,596
170,597
171,588
171,589
171,590
171,591
171,592
171,593
171,594
171,595
171,596
171,597
172,584
172,585
172,586
172,589
172,590
172,591
172,592
172,593
172,594
172,595
172,596
172,597
173,67
173,68
173,69
173,70
173,71
173,72
173,73
173,74
173,75
173,76
173,77
173,78
173,461
173,462
173,463
173,464
173,465
173,466
173,467
173,468
173,469
173,470
173,471
173,472
173,473
173,474
173,475
173,584
173,585
173,586
173,587
173,588
173,589
173,590
173,591
173,592
173,593
173,594
173,595
173,596
174,67
174,68
174,69
174,70
174,71
174,72
174,73
174,74
174,75
174,76
174,77
174,78
174,461
174,462
174,463
174,464
174,465
174,466
174,467
174,468
174,469
174,470
174,472
174,474
174,475
174,586
174,587
174,588
174,589
174,590
174,591
174,592
174,593
174,594
174,595
174,596
174,597
175,67
175,68
175,69
175,70
175,71
175,72
175,73
175,74
175,75
175,78
175,462
175,463
175,464
175,465
175,466
175,467
175,468
175,469
175,470
175,472
175,474
175,475
175,583
175,586
175,587
175,588
175,589
175,590
175,591
175,592
175,593
175,594
175,595
175,596
175,597
176,67
176,68
176,69
176,70
176,72
176,73
176,74
176,75
176,77
176,78
176,461
176,462
176,463
176,464
176,465
176,466
176,467
176,468
176,469
176,470
176,471
176,472
176,473
176,474
176,475
176,587
176,588
176,589
176,590
176,591
176,592
176,593
176,594
176,595
176,596
176,597
177,67
177,68
177,69
177,70
177,71
177,72
177,73
177,75
177,77
177,78
177,461
177,462
177,466
177,467
177,468
177,469
177,470
177,471
177,472
177,473
177,474
177,475
177,587
177,588
177,589
177,590
177,591
177,592
177,593
177,594
177,595
177,596
177,597
178,67
178,68
178,69
178,70
178,71
178,72
178,73
178,74
178,75
178,76
178,77
178,78
178,461
178,462
178,466
178,468
178,469
178,470
178,471
178,472
178,473
178,474
178,475
178,584
178,585
178,586
178,587
178,588
178,589
178,590
178,591
178,592
178,593
178,594
178,595
178,596
179,67
179,68
179,69
179,70
179,71
179,72
179,73
179,74
179,75
179,76
179,77
179,78
179,461
179,462
179,463
179,466
179,467
179,470
179,471
179,474
179,475
179,585
179,586
179,587
179,588
179,589
179,590
179,591
179,592
179,593
179,594
179,595
179,596
180,67
180,68
180,69
180,70
180,71
180,73
180,74
180,75
180,76
180,77
180,78
180,461
180,462
180,463
180,464
180,466
180,467
180,468
180,470
180,471
180,474
180,475
181,67
181,68
181,69
181,70
181,73
181,74
181,75
181,76
181,77
181,78
181,194
181,461
181,464
181,467
181,468
181,469
181,470
181,471
181,472
181,474
181,475
182,67
182,68
182,69
182,70
182,71
182,73
182,74
182,75
182,76
182,77
182,78
182,461
182,466
182,467
182,468
182,469
182,470
182,471
182,472
182,473
182,474
182,475
183,67
183,68
183,71
183,75
183,76
183,77
183,78
183,461
183,463
183,464
183,465
183,466
183,468
183,469
183,470
183,471
183,472
183,473
183,474
183,475
184,67
184,68
184,70
184,71
184,72
184,75
184,76
184,77
184,78
184,462
184,463
184,464
184,465
184,466
184,469
184,470
184,471
184,472
184,473
184,474
184,475
185,67
185,68
185,69
185,70
185,71
185,72
185,73
185,74
185,75
185,76
185,77
185,78
185,461
185,462
185,463
185,464
185,465
185,466
185,467
185,468
185,469
185,470
185,471
185,472
185,473
185,474
185,475
186,40
186,41
186,42
186,43
186,44
186,45
186,46
186,47
186,48
186,49
186,50
186,51
186,474
187,39
187,40
187,41
187,42
187,43
187,44
187,45
187,46
187,47
187,48
187,50
187,51
187,359
187,360
187,361
187,362
187,363
187,364
187,365
187,366
187,367
187,368
187,369
187,370
187,371
187,372
187,373
187,374
187,375
187,376
187,377
187,378
187,379
188,39
188,40
188,41
188,42
188,43
188,44
188,45
188,46
188,47
188,48
188,49
188,50
188,51
188,358
188,359
188,360
188,361
188,362
188,363
188,364
188,365
188,366
188,367
188,368
188,369
188,370
188,371
188,372
188,373
188,374
188,375
188,376
188,377
188,378
188,379
189,39
189,40
189,41
189,42
189,43
189,44
189,45
189,46
189,47
189,48
189,49
189,50
189,51
189,358
189,360
189,361
189,362
189,363
189,364
189,365
189,366
189,367
189,368
189,369
189,370
189,371
189,372
189,373
189,374
189,375
189,376
189,377
189,378
189,379
190,39
190,40
190,41
190,43
190,44
190,45
190,46
190,47
190,48
190,49
190,50
190,51
190,358
190,359
190,360
190,361
190,362
190,363
190,364
190,365
190,366
190,367
190,368
190,369
190,370
190,371
190,372
190,373
190,374
190,375
190,376
190,377
190,378
190,379
191,39
191,40
191,41
191,42
191,43
191,44
191,45
191,46
191,47
191,48
191,49
191,51
191,358
191,359
191,360
191,361
191,362
191,363
191,364
191,365
191,366
191,367
191,368
191,369
191,370
191,371
191,372
191,373
191,374
191,375
191,376
191,377
191,378
191,379
192,39
192,40
192,41
192,42
192,43
192,44
192,45
192,46
192,47
192,48
192,50
192,51
192,157
192,158
192,159
192,160
192,161
192,162
192,163
192,164
192,165
192,166
192,167
192,168
192,169
192,170
192,171
192,172
192,173
192,174
192,358
192,359
192,360
192,361
192,362
192,363
192,364
192,365
192,366
192,367
192,369
192,370
192,371
192,372
192,373
192,374
192,375
192,376
192,377
192,378
192,379
192,380
193,39
193,40
193,41
193,42
193,43
193,46
193,47
193,48
193,50
193,51
193,156
193,157
193,158
193,159
193,160
193,161
193,162
193,163
193,164
193,165
193,166
193,167
193,168
193,169
193,170
193,171
193,172
193,173
193,174
193,195
193,358
193,359
193,360
193,361
193,362
193,363
193,364
193,365
193,366
193,367
193,370
193,371
193,372
193,373
193,374
193,375
193,377
193,378
193,379
194,39
194,40
194,41
194,42
194,43
194,44
194,45
194,46
194,47
194,48
194,49
194,50
194,51
194,157
194,160
194,161
194,162
194,163
194,164
194,165
194,166
194,167
194,168
194,169
194,173
194,174
194,358
194,360
194,361
194,362
194,363
194,364
194,365
194,366
194,370
194,371
194,372
194,373
194,374
194,375
194,376
194,377
194,378
194,379
195,39
195,40
195,41
195,42
195,43
195,44
195,45
195,46
195,47
195,48
195,51
195,156
195,157
195,159
195,160
195,161
195,162
195,163
195,164
195,165
195,166
195,167
195,168
195,169
195,170
195,171
195,172
195,173
195,174
195,358
195,360
195,361
195,362
195,363
195,364
195,365
195,366
195,367
195,370
195,371
195,372
195,373
195,374
195,375
195,376
195,377
195,378
195,379
196,39
196,40
196,41
196,43
196,44
196,45
196,46
196,47
196,48
196,50
196,51
196,156
196,157
196,159
196,160
196,161
196,162
196,163
196,164
196,165
196,166
196,167
196,168
196,171
196,172
196,173
196,174
196,175
196,358
196,359
196,360
196,361
196,362
196,363
196,366
196,367
196,368
196,369
196,370
196,371
196,372
196,373
196,374
196,375
196,376
196,377
196,378
196,379
197,39
197,40
197,41
197,42
197,43
197,44
197,45
197,46
197,47
197,48
197,49
197,50
197,51
197,157
197,159
197,160
197,161
197,162
197,163
197,164
197,165
197,166
197,167
197,168
197,169
197,170
197,171
197,173
197,174
197,358
197,359
197,360
197,361
197,362
197,363
197,364
197,365
197,366
197,367
197,368
197,369
197,370
197,371
197,372
197,373
197,374
197,375
197,376
197,379
198,39
198,40
198,41
198,42
198,43
198,44
198,45
198,46
198,47
198,48
198,49
198,51
198,157
198,158
198,159
198,160
198,161
198,162
198,163
198,164
198,165
198,166
198,167
198,168
198,169
198,170
198,171
198,172
198,173
198,174
198,358
198,360
198,361
198,362
198,363
198,364
198,365
198,366
198,367
198,368
198,369
198,370
198,373
198,374
198,377
198,378
198,379
199,39
199,40
199,41
199,42
199,43
199,44
199,45
199,46
199,47
199,48
199,49
199,50
199,51
199,157
199,158
199,159
199,160
199,161
199,162
199,163
199,164
199,165
199,166
199,167
199,168
199,169
199,170
199,171
199,172
199,173
199,174
199,358
199,360
199,361
199,362
199,363
199,364
199,365
199,366
199,367
199,368
199,369
199,370
199,371
199,373
199,374
199,375
199,376
199,377
199,378
199,379
200,39
200,40
200,41
200,42
200,43
200,44
200,45
200,46
200,47
200,48
200,49
200,50
200,51
200,157
200,158
200,159
200,160
200,161
200,162
200,163
200,164
200,165
200,169
200,170
200,171
200,172
200,173
200,174
200,358
200,360
200,361
200,362
200,363
200,365
200,366
200,367
200,368
200,369
200,370
200,371
200,372
200,373
200,374
200,375
200,376
200,377
200,378
200,379
201,39
201,40
201,41
201,42
201,43
201,44
201,45
201,46
201,47
201,48
201,49
201,50
201,51
201,157
201,158
201,159
201,160
201,161
201,162
201,163
201,164
201,165
201,168
201,169
201,170
201,171
201,172
201,173
201,174
201,358
201,359
201,360
201,361
201,362
201,363
201,364
201,365
201,366
201,367
201,368
201,369
201,370
201,371
201,372
201,373
201,374
201,375
201,376
201,377
201,378
201,379
202,39
202,40
202,41
202,42
202,43
202,44
202,45
202,46
202,47
202,48
202,49
202,50
202,51
202,157
202,158
202,159
202,160
202,161
202,162
202,163
202,164
202,165
202,166
202,167
202,168
202,169
202,170
202,171
202,172
202,173
202,359
202,360
202,361
202,362
202,363
202,364
202,365
202,366
202,367
202,368
202,369
202,370
202,371
202,372
202,373
202,374
202,375
202,376
202,377
202,378
202,379
208,577
208,578
208,579
208,580
208,581
208,582
208,583
208,584
208,585
208,586
208,587
208,588
208,589
208,590
208,591
208,592
208,593
209,311
209,312
209,313
209,314
209,315
209,316
209,317
209,318
209,319
209,320
209,321
209,322
209,323
209,324
209,325
209,326
209,577
209,578
209,579
209,580
209,581
209,582
209,583
209,584
209,585
209,586
209,587
209,588
209,589
209,590
209,591
209,592
209,593
210,310
210,311
210,312
210,313
210,314
210,315
210,316
210,317
210,318
210,319
210,320
210,321
210,322
210,323
210,324
210,325
210,326
210,327
210,577
210,578
210,579
210,580
210,581
210,582
210,583
210,584
210,585
210,586
210,587
210,588
210,589
210,590
210,591
210,592
210,593
210,594
211,309
211,310
211,311
211,312
211,313
211,317
211,318
211,319
211,320
211,321
211,322
211,323
211,325
211,326
211,327
211,577
211,578
211,579
211,580
211,581
211,582
211,583
211,584
211,585
211,586
211,587
211,588
211,589
211,590
211,591
211,592
211,593
211,594
212,309
212,310
212,311
212,312
212,313
212,314
212,315
212,317
212,318
212,319
212,320
212,321
212,322
212,323
212,325
212,326
212,327
212,577
212,578
212,581
212,582
212,583
212,584
212,585
212,586
212,587
212,588
212,589
212,590
212,592
212,593
212,594
213,310
213,311
213,312
213,313
213,314
213,315
213,316
213,317
213,318
213,319
213,320
213,321
213,322
213,323
213,324
213,325
213,326
213,327
213,577
213,578
213,579
213,580
213,581
213,582
213,583
213,584
213,585
213,586
213,587
213,588
213,589
213,590
213,593
213,594
214,310
214,312
214,313
214,314
214,315
214,316
214,317
214,318
214,319
214,320
214,321
214,322
214,323
214,324
214,325
214,326
214,327
214,577
214,578
214,579
214,580
214,581
214,582
214,583
214,584
214,585
214,586
214,587
214,588
214,589
214,590
214,593
215,240
215,309
215,310
215,312
215,315
215,317
215,318
215,319
215,320
215,321
215,322
215,323
215,324
215,325
215,326
215,327
215,577
215,578
215,579
215,580
215,581
215,582
215,583
215,584
215,585
215,586
215,587
215,588
215,589
215,590
215,592
215,593
215,594
216,230
216,231
216,232
216,233
216,234
216,235
216,236
216,237
216,238
216,239
216,240
216,241
216,242
216,243
216,244
216,245
216,246
216,247
216,248
216,249
216,250
216,251
216,309
216,310
216,311
216,312
216,316
216,318
216,319
216,320
216,321
216,322
216,323
216,324
216,325
216,326
216,327
216,577
216,578
216,579
216,580
216,581
216,582
216,583
216,584
216,585
216,586
216,587
216,588
216,589
216,590
216,591
216,592
216,593
216,594
217,230
217,231
217,232
217,233
217,234
217,235
217,236
217,237
217,238
217,239
217,240
217,241
217,242
217,243
217,244
217,245
217,246
217,247
217,248
217,249
217,250
217,251
217,309
217,310
217,311
217,314
217,315
217,316
217,317
217,318
217,319
217,320
217,321
217,322
217,323
217,324
217,325
217,326
217,327
217,577
217,578
217,579
217,580
217,581
217,582
217,583
217,584
217,585
217,586
217,587
217,588
217,591
217,592
217,593
217,594
218,230
218,231
218,232
218,233
218,234
218,235
218,236
218,237
218,238
218,239
218,240
218,241
218,242
218,243
218,244
218,245
218,246
218,247
218,248
218,249
218,250
218,251
218,309
218,310
218,313
218,314
218,315
218,316
218,318
218,319
218,320
218,321
218,322
218,323
218,324
218,326
218,327
218,577
218,578
218,579
218,580
218,581
218,582
218,583
218,584
218,585
218,586
218,587
218,588
218,589
218,590
218,591
218,592
218,593
219,230
219,231
219,232
219,233
219,234
219,235
219,236
219,237
219,238
219,239
219,240
219,241
219,242
219,243
219,244
219,245
219,246
219,247
219,249
219,250
219,251
219,309
219,310
219,313
219,314
219,315
219,316
219,320
219,321
219,322
219,323
219,324
219,325
219,326
219,327
219,577
219,578
219,579
219,580
219,581
219,582
219,583
219,584
219,585
219,586
219,587
219,588
219,589
219,590
219,591
219,592
219,593
219,594
220,230
220,231
220,232
220,233
220,234
220,235
220,236
220,237
220,238
220,239
220,240
220,241
220,242
220,243
220,244
220,245
220,246
220,247
220,248
220,249
220,250
220,251
220,309
220,310
220,313
220,314
220,315
220,316
220,317
220,321
220,322
220,323
220,324
220,326
220,327
220,577
220,578
220,579
220,580
220,581
220,582
220,583
220,584
220,585
220,586
220,587
220,588
220,589
220,590
220,591
220,592
220,593
220,594
221,230
221,232
221,233
221,234
221,235
221,236
221,238
221,239
221,240
221,241
221,242
221,243
221,244
221,245
221,246
221,247
221,248
221,249
221,250
221,251
221,309
221,310
221,313
221,314
221,315
221,316
221,317
221,318
221,321
221,322
221,323
221,324
221,326
221,327
221,577
221,578
221,579
221,580
221,581
221,582
221,583
221,584
221,585
221,586
221,587
221,588
221,589
221,590
221,591
221,592
221,593
221,594
222,230
222,232
222,233
222,234
222,235
222,236
222,237
222,238
222,239
222,240
222,241
222,242
222,243
222,244
222,245
222,246
222,247
222,248
222,249
222,250
222,251
222,309
222,310
222,312
222,313
222,314
222,315
222,317
222,318
222,319
222,321
222,322
222,323
222,324
222,325
222,326
222,327
222,577
222,578
222,579
222,580
222,581
222,582
222,583
222,584
222,585
222,586
222,587
222,588
222,589
222,590
222,591
222,592
222,593
222,594
223,230
223,231
223,232
223,233
223,234
223,235
223,236
223,237
223,238
223,239
223,240
223,241
223,242
223,243
223,244
223,245
223,246
223,247
223,248
223,249
223,250
223,251
223,309
223,310
223,312
223,313
223,314
223,315
223,318
223,319
223,320
223,321
223,323
223,324
223,325
223,326
223,327
223,577
223,578
223,579
223,580
223,581
223,582
223,583
223,584
223,585
223,586
223,587
223,588
223,589
223,590
223,591
223,592
223,593
223,594
224,230
224,231
224,232
224,233
224,234
224,235
224,236
224,237
224,238
224,239
224,240
224,241
224,242
224,243
224,244
224,245
224,246
224,247
224,248
224,249
224,250
224,251
224,309
224,310
224,312
224,313
224,314
224,315
224,319
224,320
224,321
224,322
224,323
224,324
224,325
224,326
224,327
224,577
224,578
224,579
224,580
224,581
224,582
224,583
224,584
224,585
224,586
224,587
224,588
224,589
224,590
224,591
224,592
224,593
224,594
225,230
225,231
225,232
225,233
225,234
225,235
225,236
225,237
225,238
225,239
225,240
225,241
225,242
225,243
225,244
225,245
225,246
225,247
225,248
225,249
225,250
225,251
225,309
225,310
225,311
225,312
225,313
225,314
225,315
225,316
225,317
225,318
225,320
225,321
225,322
225,323
225,324
225,325
225,326
225,327
225,577
225,578
225,579
225,580
225,581
225,582
225,583
225,584
225,585
225,586
225,587
225,588
225,589
225,590
225,591
225,592
225,593
225,594
226,230
226,231
226,232
226,233
226,234
226,235
226,236
226,237
226,238
226,239
226,240
226,241
226,242
226,243
226,244
226,245
226,246
226,247
226,248
226,249
226,250
226,251
226,310
226,311
226,312
226,313
226,314
226,315
226,316
226,317
226,318
226,319
226,320
226,321
226,322
226,323
226,324
226,325
226,326
226,327
227,230
227,231
227,233
227,234
227,235
227,236
227,237
227,238
227,239
227,240
227,241
227,242
227,243
227,244
227,245
227,246
227,247
227,248
227,249
227,250
227,251
228,230
228,231
228,232
228,233
228,234
228,236
228,237
228,238
228,239
228,240
228,241
228,242
228,243
228,244
228,245
228,246
228,247
228,248
228,249
228,251
228,565
229,230
229,231
229,235
229,236
229,237
229,238
229,239
229,240
229,241
229,242
229,243
229,244
229,246
229,247
229,248
229,249
229,251
230,230
230,231
230,235
230,236
230,237
230,238
230,241
230,242
230,243
230,244
230,245
230,247
230,248
230,250
230,251
231,230
231,231
231,232
231,233
231,234
231,235
231,236
231,237
231,241
231,242
231,243
231,244
231,245
231,246
231,247
231,248
231,249
231,250
231,251
232,230
232,231
232,232
232,233
232,234
232,235
232,236
232,237
232,238
232,240
232,241
232,242
232,243
232,244
232,245
232,246
232,247
232,248
232,249
232,250
232,251
233,230
233,231
233,232
233,233
233,234
233,235
233,236
233,237
233,238
233,239
233,242
233,243
233,244
233,245
233,246
233,247
233,248
233,249
233,250
233,251
234,230
234,231
234,232
234,233
234,234
234,235
234,236
234,237
234,238
234,239
234,242
234,243
234,244
234,245
234,246
234,247
234,248
234,249
234,250
234,251
235,230
235,231
235,232
235,233
235,234
235,235
235,236
235,237
235,238
235,239
235,240
235,242
235,243
235,244
235,245
235,246
235,247
235,248
235,249
235,250
235,251
236,230
236,231
236,232
236,233
236,234
236,235
236,236
236,237
236,238
236,239
236,240
236,241
236,242
236,243
236,244
236,245
236,246
236,247
236,248
236,249
236,250
236,251
256,495
256,496
256,497
256,498
256,499
256,500
256,501
256,502
256,503
256,504
257,495
257,496
257,497
257,498
257,499
257,500
257,501
257,502
257,503
257,504
258,495
258,496
258,497
258,499
258,500
258,501
258,502
258,503
258,504
259,495
259,496
259,497
259,500
259,501
259,502
259,503
259,504
260,495
260,496
260,497
260,498
260,500
260,501
260,502
260,503
260,504
261,495
261,496
261,497
261,498
261,499
261,500
261,501
261,502
261,503
261,504
262,494
262,495
262,496
262,497
262,498
262,499
262,500
262,501
262,502
262,503
262,504
263,494
263,495
263,496
263,497
263,498
263,499
263,500
263,501
263,502
263,503
263,504
264,494
264,495
264,496
264,497
264,498
264,499
264,500
264,501
264,502
264,503
264,504
265,495
265,497
265,498
265,500
265,501
265,502
265,504
266,495
266,496
266,497
266,498
266,499
266,500
266,501
266,502
266,504
267,495
267,496
267,497
267,498
267,499
267,500
267,501
267,502
267,503
267,504
268,495
268,496
268,497
268,498
268,499
268,500
268,501
268,502
268,503
268,504
269,495
269,496
269,497
269,498
269,499
269,500
269,501
269,502
269,503
269,504
270,495
270,496
270,498
270,499
270,500
270,501
270,502
270,503
270,504
271,165
271,166
271,169
271,176
271,495
271,496
271,497
271,498
271,499
271,500
271,504
272,164
272,165
272,166
272,167
272,168
272,169
272,170
272,171
272,172
272,173
272,174
272,175
272,176
272,177
272,178
272,179
272,180
272,181
272,182
272,495
272,496
272,497
272,501
272,502
272,504
273,164
273,165
273,166
273,167
273,168
273,169
273,170
273,171
273,172
273,173
273,174
273,175
273,176
273,177
273,178
273,179
273,180
273,181
273,182
273,495
273,496
273,497
273,498
273,499
273,500
273,501
273,502
273,503
273,504
274,164
274,165
274,166
274,167
274,168
274,169
274,170
274,171
274,172
274,173
274,174
274,175
274,176
274,177
274,178
274,179
274,180
274,181
274,182
275,164
275,165
275,166
275,167
275,168
275,169
275,170
275,171
275,172
275,173
275,174
275,175
275,176
275,177
275,178
275,179
275,180
275,181
275,182
276,164
276,165
276,166
276,167
276,168
276,169
276,170
276,171
276,172
276,173
276,174
276,175
276,176
276,177
276,178
276,179
276,180
276,181
276,182
277,164
277,165
277,166
277,167
277,168
277,169
277,170
277,171
277,172
277,173
277,174
277,175
277,176
277,177
277,178
277,179
277,180
277,181
277,182
278,164
278,165
278,166
278,167
278,168
278,169
278,170
278,171
278,172
278,173
278,174
278,175
278,176
278,177
278,178
278,179
278,180
278,181
278,182
279,164
279,165
279,166
279,167
279,168
279,169
279,170
279,171
279,172
279,173
279,174
279,175
279,176
279,177
279,178
279,179
279,180
279,181
279,182
280,164
280,165
280,166
280,167
280,168
280,169
280,170
280,171
280,172
280,173
280,174
280,175
280,176
280,177
280,178
280,179
280,180
280,181
280,182
281,164
281,165
281,166
281,167
281,168
281,169
281,170
281,171
281,172
281,174
281,175
281,176
281,177
281,178
281,179
281,180
281,181
281,182
282,164
282,165
282,167
282,168
282,169
282,170
282,171
282,172
282,173
282,174
282,175
282,176
282,177
282,181
282,182
283,164
283,165
283,167
283,168
283,169
283,170
283,171
283,172
283,173
283,174
283,175
283,176
283,177
283,178
283,180
283,181
283,182
284,164
284,165
284,166
284,167
284,168
284,169
284,170
284,171
284,172
284,173
284,174
284,175
284,176
284,177
284,178
284,179
284,180
284,181
284,182
285,164
285,165
285,166
285,167
285,168
285,169
285,170
285,171
285,172
285,173
285,174
285,175
285,176
285,177
285,178
285,179
285,180
285,181
285,182
286,72
286,73
286,74
286,75
286,76
286,77
286,78
286,79
286,80
286,81
286,82
286,83
286,84
286,85
286,86
286,87
286,88
286,89
286,90
286,91
286,92
286,164
286,165
286,166
286,167
286,168
286,169
286,170
286,171
286,172
286,173
286,174
286,175
286,176
286,177
286,180
286,181
286,182
287,72
287,73
287,74
287,75
287,76
287,77
287,78
287,79
287,80
287,81
287,82
287,83
287,84
287,85
287,86
287,87
287,88
287,89
287,90
287,91
287,92
287,164
287,165
287,166
287,167
287,168
287,169
287,170
287,171
287,172
287,173
287,174
287,175
287,176
287,177
287,178
287,179
287,180
287,181
287,182
288,72
288,73
288,74
288,75
288,76
288,77
288,78
288,79
288,80
288,81
288,82
288,83
288,84
288,85
288,86
288,87
288,88
288,89
288,90
288,91
288,92
288,164
288,165
288,166
288,167
288,168
288,169
288,170
288,171
288,172
288,173
288,174
288,175
288,176
288,177
288,178
288,179
288,180
288,181
288,182
289,72
289,73
289,74
289,75
289,76
289,77
289,78
289,79
289,80
289,81
289,82
289,83
289,84
289,85
289,86
289,87
289,88
289,89
289,90
289,91
289,92
290,72
290,73
290,74
290,75
290,76
290,77
290,78
290,79
290,80
290,81
290,82
290,83
290,84
290,85
290,86
290,87
290,88
290,89
290,91
290,92
291,72
291,73
291,74
291,75
291,76
291,77
291,78
291,79
291,80
291,81
291,82
291,83
291,85
291,86
291,87
291,88
291,89
291,90
291,91
291,92
292,72
292,73
292,74
292,75
292,76
292,77
292,78
292,79
292,80
292,81
292,85
292,86
292,87
292,88
292,89
292,90
292,91
292,92
293,72
293,73
293,74
293,75
293,76
293,77
293,78
293,79
293,80
293,81
293,82
293,83
293,86
293,87
293,88
293,89
293,90
293,91
293,92
294,72
294,73
294,74
294,75
294,76
294,77
294,78
294,79
294,80
294,81
294,82
294,83
294,84
294,85
294,86
294,87
294,88
294,89
294,90
294,91
294,92
295,72
295,73
295,74
295,75
295,76
295,77
295,78
295,79
295,80
295,81
295,82
295,83
295,84
295,85
295,86
295,87
295,88
295,91
295,92
296,72
296,73
296,74
296,75
296,76
296,77
296,78
296,79
296,80
296,81
296,82
296,84
296,85
296,86
296,87
296,90
296,91
296,92
297,72
297,73
297,74
297,75
297,76
297,77
297,78
297,79
297,80
297,81
297,82
297,83
297,84
297,85
297,86
297,87
297,88
297,89
297,90
297,91
297,92
298,72
298,73
298,74
298,75
298,76
298,77
298,78
298,79
298,80
298,83
298,84
298,85
298,86
298,87
298,88
298,89
298,90
298,91
298,92
299,72
299,73
299,74
299,75
299,76
299,77
299,78
299,79
299,80
299,83
299,84
299,85
299,86
299,87
299,88
299,89
299,90
299,91
299,92
300,72
300,73
300,74
300,75
300,76
300,77
300,78
300,79
300,80
300,81
300,82
300,83
300,84
300,85
300,86
300,87
300,88
300,89
300,90
300,91
300,92
301,72
301,73
301,74
301,75
301,76
301,77
301,78
301,79
301,80
301,81
301,82
301,83
301,84
301,85
301,86
301,87
301,88
301,89
301,90
301,91
301,92
302,72
302,73
302,74
302,75
302,76
302,77
302,78
302,79
302,80
302,81
302,82
302,83
302,84
302,85
302,86
302,87
302,88
302,89
302,90
302,91
302,92
303,72
303,73
303,74
303,75
303,76
303,77
303,78
303,79
303,80
303,81
303,82
303,83
303,84
303,85
303,86
303,87
303,88
303,89
303,90
303,91
303,92
310,541
310,542
318,493
319,601
321,108
321,109
321,110
321,111
321,112
321,113
321,114
321,116
321,117
321,118
321,119
321,120
321,121
321,122
322,106
322,107
322,108
322,109
322,110
322,111
322,112
322,113
322,114
322,115
322,116
322,117
322,118
322,119
322,120
322,121
322,122
322,123
322,124
323,106
323,107
323,108
323,109
323,110
323,111
323,112
323,113
323,114
323,115
323,116
323,117
323,118
323,119
323,120
323,121
323,122
323,123
323,124
324,106
324,107
324,108
324,109
324,110
324,111
324,112
324,113
324,114
324,115
324,116
324,117
324,118
324,119
324,120
324,121
324,122
324,123
324,124
325,106
325,107
325,108
325,109
325,110
325,111
325,112
325,113
325,114
325,115
325,116
325,117
325,118
325,119
325,120
325,121
325,122
325,123
325,124
326,106
326,107
326,108
326,109
326,110
326,111
326,112
326,113
326,114
326,115
326,116
326,117
326,118
326,119
326,120
326,121
326,122
326,123
326,124
327,106
327,107
327,108
327,109
327,110
327,111
327,112
327,113
327,114
327,115
327,116
327,117
327,118
327,119
327,120
327,121
327,122
327,123
327,124
328,106
328,107
328,110
328,111
328,112
328,113
328,114
328,116
328,117
328,118
328,119
328,120
328,121
328,122
328,123
328,124
329,106
329,107
329,108
329,109
329,110
329,111
329,112
329,113
329,114
329,116
329,117
329,118
329,119
329,120
329,121
329,122
329,123
329,124
329,522
329,523
329,524
329,525
329,526
329,527
329,528
329,529
329,530
329,531
329,532
329,533
329,534
329,535
329,536
329,537
330,106
330,107
330,108
330,109
330,110
330,111
330,112
330,113
330,114
330,115
330,116
330,117
330,118
330,119
330,120
330,121
330,122
330,123
330,124
330,454
330,455
330,456
330,457
330,458
330,459
330,460
330,461
330,462
330,463
330,464
330,465
330,466
330,467
330,468
330,469
330,470
330,471
330,472
330,473
330,474
330,521
330,522
330,523
330,524
330,525
330,526
330,527
330,528
330,529
330,530
330,531
330,532
330,533
330,534
330,535
330,536
330,537
330,538
331,106
331,107
331,108
331,109
331,110
331,111
331,112
331,113
331,114
331,115
331,116
331,118
331,119
331,120
331,121
331,122
331,123
331,124
331,454
331,455
331,456
331,457
331,458
331,459
331,460
331,461
331,462
331,463
331,464
331,465
331,466
331,467
331,468
331,469
331,470
331,471
331,472
331,473
331,474
331,475
331,521
331,522
331,523
331,524
331,525
331,526
331,527
331,528
331,529
331,530
331,531
331,532
331,533
331,534
331,535
331,536
331,537
331,538
332,106
332,107
332,108
332,109
332,110
332,111
332,112
332,113
332,115
332,116
332,117
332,118
332,119
332,120
332,121
332,122
332,123
332,124
332,454
332,456
332,458
332,459
332,460
332,461
332,462
332,463
332,464
332,465
332,466
332,467
332,469
332,470
332,471
332,472
332,473
332,474
332,475
332,521
332,522
332,523
332,525
332,526
332,527
332,528
332,530
332,531
332,532
332,533
332,534
332,535
332,536
332,537
332,538
333,106
333,107
333,108
333,109
333,110
333,111
333,112
333,113
333,114
333,115
333,116
333,117
333,118
333,119
333,120
333,121
333,122
333,123
333,124
333,454
333,456
333,457
333,458
333,459
333,460
333,461
333,462
333,463
333,464
333,465
333,466
333,467
333,468
333,469
333,470
333,471
333,472
333,473
333,474
333,475
333,521
333,522
333,524
333,525
333,526
333,527
333,528
333,530
333,531
333,532
333,533
333,534
333,535
333,536
333,537
333,538
334,106
334,107
334,108
334,109
334,110
334,111
334,112
334,113
334,114
334,115
334,117
334,118
334,119
334,120
334,121
334,122
334,123
334,124
334,454
334,455
334,456
334,457
334,458
334,459
334,460
334,461
334,462
334,463
334,464
334,465
334,466
334,467
334,468
334,469
334,470
334,471
334,472
334,473
334,474
334,475
334,521
334,522
334,523
334,524
334,525
334,526
334,527
334,528
334,530
334,531
334,532
334,533
334,534
334,535
334,536
334,537
334,538
335,106
335,107
335,108
335,109
335,110
335,111
335,112
335,113
335,114
335,115
335,118
335,119
335,120
335,121
335,122
335,123
335,124
335,454
335,455
335,456
335,457
335,458
335,459
335,460
335,461
335,462
335,463
335,464
335,465
335,466
335,467
335,468
335,470
335,471
335,472
335,473
335,474
335,475
335,521
335,522
335,523
335,524
335,525
335,526
335,527
335,528
335,529
335,530
335,531
335,532
335,533
335,534
335,535
335,536
335,537
335,538
336,106
336,107
336,108
336,109
336,110
336,111
336,112
336,113
336,114
336,115
336,116
336,118
336,119
336,120
336,121
336,122
336,123
336,124
336,454
336,455
336,456
336,457
336,458
336,459
336,460
336,461
336,462
336,463
336,464
336,465
336,470
336,471
336,472
336,473
336,474
336,475
336,521
336,522
336,523
336,524
336,525
336,526
336,527
336,528
336,529
336,530
336,531
336,532
336,533
336,534
336,535
336,536
336,537
336,538
337,106
337,107
337,108
337,109
337,110
337,111
337,112
337,113
337,114
337,115
337,116
337,117
337,118
337,119
337,120
337,121
337,122
337,123
337,124
337,454
337,455
337,456
337,458
337,459
337,460
337,461
337,462
337,463
337,464
337,465
337,468
337,469
337,470
337,471
337,472
337,473
337,474
337,475
337,521
337,522
337,523
337,524
337,525
337,526
337,528
337,529
337,530
337,531
337,532
337,533
337,534
337,535
337,536
337,537
337,538
338,106
338,107
338,108
338,109
338,110
338,111
338,112
338,113
338,114
338,115
338,116
338,117
338,118
338,119
338,120
338,121
338,122
338,123
338,124
338,454
338,455
338,456
338,457
338,458
338,459
338,460
338,461
338,462
338,463
338,464
338,465
338,466
338,468
338,469
338,470
338,471
338,472
338,473
338,474
338,475
338,521
338,522
338,523
338,524
338,525
338,527
338,528
338,529
338,530
338,531
338,532
338,533
338,534
338,535
338,536
338,537
338,538
339,107
339,120
339,454
339,455
339,456
339,457
339,458
339,459
339,460
339,461
339,462
339,463
339,464
339,465
339,466
339,469
339,470
339,471
339,472
339,473
339,474
339,475
339,521
339,522
339,523
339,524
339,525
339,527
339,528
339,529
339,533
339,534
339,535
339,536
339,537
339,538
340,454
340,455
340,456
340,457
340,458
340,459
340,460
340,461
340,462
340,463
340,464
340,465
340,466
340,467
340,469
340,470
340,472
340,473
340,474
340,475
340,521
340,522
340,523
340,524
340,525
340,526
340,527
340,528
340,529
340,533
340,534
340,535
340,536
340,537
340,538
341,87
341,88
341,89
341,90
341,91
341,92
341,93
341,94
341,95
341,96
341,97
341,454
341,455
341,456
341,457
341,458
341,459
341,460
341,461
341,462
341,463
341,464
341,465
341,466
341,467
341,468
341,469
341,470
341,472
341,473
341,474
341,475
341,521
341,522
341,523
341,524
341,525
341,526
341,527
341,528
341,529
341,530
341,531
341,533
341,534
341,535
341,536
341,537
341,538
342,87
342,88
342,89
342,90
342,91
342,92
342,93
342,94
342,95
342,96
342,97
342,454
342,455
342,456
342,457
342,458
342,459
342,460
342,461
342,462
342,463
342,464
342,465
342,466
342,467
342,468
342,469
342,470
342,472
342,473
342,474
342,475
342,520
342,521
342,522
342,523
342,524
342,525
342,526
342,527
342,528
342,529
342,530
342,531
342,532
342,533
342,534
342,535
342,536
342,537
342,538
343,87
343,88
343,89
343,90
343,91
343,92
343,93
343,94
343,95
343,96
343,97
343,391
343,392
343,393
343,394
343,395
343,396
343,397
343,398
343,399
343,401
343,402
343,454
343,455
343,456
343,457
343,458
343,459
343,460
343,461
343,462
343,463
343,464
343,465
343,466
343,467
343,468
343,469
343,472
343,473
343,474
343,475
343,521
343,522
343,523
343,524
343,525
343,526
343,527
343,528
343,529
343,530
343,531
343,532
343,533
343,534
343,535
343,536
343,537
343,538
344,87
344,88
344,89
344,90
344,91
344,92
344,93
344,94
344,95
344,96
344,97
344,275
344,276
344,277
344,278
344,279
344,280
344,281
344,282
344,283
344,284
344,285
344,286
344,287
344,288
344,389
344,390
344,391
344,392
344,393
344,394
344,395
344,396
344,397
344,398
344,399
344,400
344,401
344,402
344,454
344,455
344,456
344,457
344,458
344,459
344,460
344,461
344,462
344,463
344,464
344,465
344,466
344,467
344,468
344,469
344,470
344,471
344,472
344,473
344,474
344,475
344,521
344,522
344,523
344,526
344,527
344,528
344,529
344,530
344,531
344,532
344,533
344,534
344,535
344,536
344,537
344,538
345,87
345,88
345,89
345,90
345,91
345,92
345,93
345,94
345,95
345,96
345,97
345,274
345,275
345,276
345,277
345,278
345,279
345,280
345,281
345,282
345,283
345,284
345,285
345,286
345,287
345,288
345,289
345,388
345,389
345,391
345,392
345,393
345,394
345,395
345,396
345,397
345,398
345,399
345,400
345,401
345,402
345,454
345,455
345,456
345,457
345,458
345,460
345,461
345,464
345,465
345,466
345,467
345,468
345,469
345,470
345,471
345,472
345,473
345,474
345,475
345,521
345,526
345,527
345,528
345,529
345,530
345,531
345,532
345,533
345,534
345,535
345,536
345,537
345,538
345,539
346,87
346,88
346,89
346,90
346,91
346,92
346,93
346,94
346,95
346,96
346,97
346,274
346,275
346,276
346,277
346,278
346,279
346,280
346,282
346,283
346,284
346,285
346,286
346,287
346,288
346,289
346,389
346,390
346,391
346,392
346,393
346,394
346,395
346,397
346,398
346,399
346,400
346,401
346,402
346,454
346,455
346,456
346,457
346,458
346,459
346,460
346,461
346,462
346,463
346,464
346,465
346,466
346,467
346,468
346,469
346,470
346,471
346,472
346,473
346,474
346,475
346,521
346,522
346,526
346,527
346,528
346,529
346,532
346,533
346,534
346,535
346,536
346,537
346,538
347,87
347,88
347,89
347,90
347,91
347,92
347,93
347,94
347,95
347,96
347,97
347,274
347,275
347,276
347,277
347,278
347,279
347,280
347,282
347,283
347,284
347,285
347,286
347,287
347,288
347,289
347,389
347,390
347,391
347,392
347,393
347,394
347,395
347,396
347,397
347,398
347,399
347,400
347,401
347,402
347,454
347,455
347,456
347,457
347,458
347,459
347,460
347,461
347,463
347,464
347,465
347,466
347,467
347,468
347,469
347,470
347,471
347,472
347,473
347,474
347,475
347,521
347,522
347,523
347,524
347,526
347,527
347,528
347,529
347,530
347,532
347,533
347,534
347,535
347,536
347,537
347,538
348,87
348,88
348,89
348,90
348,91
348,95
348,96
348,97
348,274
348,275
348,276
348,277
348,278
348,280
348,281
348,282
348,283
348,284
348,285
348,286
348,287
348,288
348,289
348,389
348,391
348,392
348,393
348,394
348,395
348,396
348,397
348,399
348,400
348,401
348,402
348,454
348,455
348,457
348,458
348,459
348,460
348,461
348,462
348,463
348,464
348,465
348,466
348,467
348,468
348,469
348,470
348,472
348,473
348,474
348,475
348,521
348,522
348,523
348,524
348,526
348,527
348,528
348,529
348,530
348,533
348,534
348,535
348,536
348,537
348,538
349,87
349,88
349,89
349,90
349,91
349,93
349,96
349,97
349,274
349,275
349,276
349,277
349,278
349,280
349,281
349,282
349,283
349,284
349,285
349,286
349,287
349,288
349,289
349,389
349,390
349,391
349,392
349,393
349,394
349,395
349,396
349,399
349,400
349,401
349,402
349,454
349,455
349,456
349,458
349,459
349,462
349,463
349,464
349,465
349,466
349,467
349,469
349,470
349,471
349,474
349,475
349,521
349,522
349,523
349,524
349,525
349,526
349,527
349,528
349,529
349,530
349,531
349,532
349,533
349,534
349,535
349,536
349,537
349,538
350,86
350,87
350,88
350,89
350,90
350,91
350,92
350,93
350,95
350,96
350,97
350,274
350,275
350,276
350,277
350,278
350,280
350,281
350,282
350,283
350,284
350,286
350,287
350,288
350,289
350,389
350,390
350,391
350,392
350,393
350,394
350,395
350,396
350,397
350,398
350,399
350,400
350,401
350,402
350,454
350,455
350,456
350,457
350,458
350,459
350,460
350,464
350,465
350,466
350,467
350,470
350,471
350,472
350,473
350,474
350,475
351,87
351,88
351,89
351,90
351,91
351,92
351,93
351,94
351,97
351,274
351,275
351,276
351,277
351,278
351,279
351,280
351,281
351,282
351,283
351,284
351,285
351,286
351,287
351,288
351,289
351,389
351,391
351,392
351,393
351,394
351,395
351,396
351,397
351,398
351,399
351,400
351,401
351,402
351,454
351,455
351,456
351,457
351,458
351,459
351,460
351,461
351,464
351,465
351,466
351,467
351,468
351,469
351,470
351,471
351,472
351,473
351,474
351,475
352,87
352,88
352,89
352,90
352,91
352,92
352,93
352,94
352,95
352,97
352,274
352,275
352,276
352,277
352,278
352,279
352,280
352,281
352,284
352,285
352,286
352,287
352,288
352,289
352,389
352,390
352,391
352,392
352,393
352,394
352,395
352,396
352,397
352,398
352,399
352,400
352,401
352,402
352,454
352,455
352,456
352,457
352,458
352,459
352,460
352,461
352,462
352,463
352,464
352,465
352,466
352,467
352,468
352,469
352,470
352,471
352,472
352,473
352,474
353,87
353,88
353,89
353,90
353,91
353,92
353,93
353,94
353,95
353,96
353,97
353,274
353,275
353,276
353,277
353,278
353,279
353,280
353,281
353,282
353,283
353,284
353,285
353,286
353,287
353,288
353,289
353,389
353,390
353,391
353,392
353,393
353,394
353,395
353,396
353,397
353,398
353,399
353,400
353,401
353,402
354,87
354,88
354,89
354,90
354,91
354,92
354,93
354,94
354,95
354,96
354,97
354,274
354,275
354,276
354,277
354,278
354,279
354,280
354,281
354,282
354,283
354,284
354,285
354,286
354,287
354,288
354,289
354,389
354,390
354,391
354,392
354,393
354,394
354,395
354,396
354,397
354,398
354,399
354,400
354,401
354,402
355,87
355,88
355,89
355,90
355,91
355,92
355,93
355,94
355,95
355,96
355,97
355,275
355,276
355,277
355,278
355,279
355,280
355,281
355,282
355,283
355,284
355,285
355,286
355,287
355,288
355,289
355,389
355,390
355,391
355,392
355,393
355,394
355,395
355,396
355,397
355,398
355,399
355,400
355,401
355,402
356,274
356,275
356,276
356,277
356,278
356,279
356,280
356,281
356,282
356,283
356,284
356,285
356,286
356,287
356,288
356,289
356,389
356,390
356,391
356,392
356,393
356,394
356,395
356,396
356,397
356,398
356,399
356,400
356,401
356,402
357,274
357,275
357,276
357,277
357,278
357,279
357,280
357,281
357,282
357,283
357,284
357,285
357,286
357,287
357,288
357,289
357,389
357,390
357,391
357,392
357,393
357,394
357,396
357,397
357,398
357,399
357,400
357,401
357,402
358,275
358,276
358,277
358,278
358,279
358,280
358,281
358,282
358,283
358,284
358,285
358,286
358,288
358,289
358,389
358,393
358,394
358,395
358,396
358,397
358,398
358,399
358,400
358,401
358,402
359,275
359,276
359,277
359,278
359,279
359,280
359,281
359,282
359,283
359,284
359,285
359,286
359,287
359,288
359,289
359,389
359,390
359,391
359,392
359,393
359,395
359,396
359,397
359,398
359,399
359,400
359,401
359,402
359,554
359,555
359,556
359,557
359,558
359,559
359,560
359,561
359,562
359,563
359,564
359,565
359,566
359,567
359,568
359,569
359,570
359,571
359,572
359,573
360,274
360,275
360,276
360,277
360,278
360,279
360,280
360,282
360,283
360,284
360,285
360,286
360,287
360,288
360,289
360,389
360,391
360,392
360,393
360,395
360,396
360,397
360,398
360,399
360,400
360,401
360,402
360,553
360,554
360,555
360,556
360,557
360,558
360,559
360,560
360,561
360,562
360,563
360,564
360,565
360,566
360,567
360,568
360,569
360,570
360,571
360,572
360,573
361,274
361,275
361,276
361,277
361,278
361,279
361,280
361,281
361,282
361,283
361,284
361,285
361,286
361,287
361,288
361,289
361,389
361,390
361,391
361,392
361,393
361,394
361,395
361,396
361,397
361,398
361,400
361,401
361,402
361,553
361,554
361,555
361,556
361,557
361,558
361,559
361,560
361,561
361,562
361,563
361,564
361,565
361,566
361,567
361,568
361,569
361,570
361,571
361,572
361,573
362,275
362,276
362,277
362,278
362,279
362,280
362,281
362,282
362,283
362,284
362,285
362,286
362,287
362,288
362,289
362,389
362,390
362,391
362,392
362,393
362,394
362,395
362,396
362,397
362,398
362,400
362,401
362,402
362,553
362,554
362,555
362,556
362,557
362,558
362,559
362,560
362,561
362,562
362,563
362,564
362,565
362,566
362,567
362,568
362,569
362,571
362,572
362,573
363,389
363,390
363,391
363,392
363,393
363,394
363,395
363,396
363,397
363,398
363,399
363,400
363,401
363,402
363,553
363,554
363,555
363,556
363,557
363,558
363,559
363,560
363,561
363,562
363,563
363,564
363,565
363,566
363,567
363,568
363,569
363,570
363,571
363,572
363,573
363,574
363,586
364,389
364,390
364,391
364,392
364,393
364,394
364,395
364,396
364,397
364,398
364,399
364,400
364,401
364,402
364,553
364,554
364,555
364,556
364,557
364,558
364,559
364,560
364,561
364,562
364,563
364,564
364,565
364,566
364,567
364,568
364,569
364,570
364,571
364,572
364,573
364,574
365,553
365,554
365,555
365,556
365,558
365,559
365,560
365,561
365,562
365,563
365,564
365,565
365,566
365,567
365,568
365,569
365,570
365,571
365,572
365,573
366,553
366,554
366,555
366,556
366,558
366,559
366,560
366,561
366,562
366,563
366,564
366,565
366,566
366,567
366,568
366,569
366,570
366,571
366,572
366,573
367,553
367,554
367,555
367,556
367,558
367,559
367,560
367,561
367,562
367,563
367,564
367,565
367,566
367,567
367,569
367,570
367,571
367,572
367,573
368,553
368,554
368,555
368,556
368,557
368,558
368,559
368,560
368,561
368,562
368,563
368,564
368,565
368,566
368,567
368,568
368,570
368,571
368,572
368,573
369,554
369,557
369,558
369,559
369,560
369,561
369,562
369,563
369,564
369,566
369,567
369,568
369,569
369,570
369,571
369,572
369,573
370,553
370,554
370,555
370,556
370,557
370,558
370,559
370,560
370,561
370,562
370,563
370,564
370,567
370,568
370,569
370,570
370,571
370,572
370,573
371,553
371,554
371,555
371,556
371,557
371,558
371,559
371,560
371,561
371,562
371,563
371,564
371,565
371,568
371,569
371,570
371,571
371,572
371,573
372,554
372,555
372,556
372,557
372,558
372,559
372,560
372,561
372,562
372,563
372,564
372,565
372,566
372,570
372,571
372,572
372,573
373,554
373,555
373,556
373,557
373,558
373,559
373,560
373,561
373,562
373,563
373,564
373,565
373,566
373,567
373,568
373,569
373,570
373,571
373,572
373,573
374,554
374,555
374,558
374,559
374,560
374,561
374,562
374,563
374,564
374,565
374,566
374,567
374,568
374,569
374,570
374,571
374,572
374,573
374,574
375,554
375,555
375,558
375,559
375,561
375,562
375,563
375,564
375,565
375,566
375,567
375,568
375,569
375,570
375,571
375,572
375,573
375,574
376,554
376,555
376,556
376,557
376,558
376,559
376,560
376,561
376,562
376,563
376,564
376,566
376,567
376,568
376,569
376,570
376,571
376,572
376,573
377,554
377,555
377,556
377,557
377,558
377,559
377,560
377,561
377,562
377,563
377,564
377,566
377,567
377,568
377,570
377,571
377,572
377,573
378,553
378,554
378,555
378,556
378,557
378,558
378,559
378,560
378,561
378,562
378,563
378,567
378,568
378,569
378,570
378,571
378,572
378,573
379,553
379,554
379,555
379,556
379,557
379,558
379,559
379,560
379,561
379,562
379,563
379,564
379,565
379,567
379,568
379,569
379,570
379,571
379,572
379,573
380,553
380,554
380,555
380,556
380,557
380,558
380,559
380,560
380,561
380,562
380,563
380,564
380,565
380,567
380,568
380,569
380,570
380,571
380,572
380,573
380,574
381,554
381,555
381,556
381,557
381,558
381,559
381,560
381,561
381,562
381,563
381,564
381,567
381,568
381,569
381,570
381,571
381,572
381,573
382,554
382,555
382,556
382,557
382,558
382,559
382,561
382,562
382,563
382,564
382,565
382,567
382,568
382,569
382,570
382,571
382,572
382,573
383,553
383,554
383,555
383,556
383,557
383,558
383,559
383,560
383,561
383,562
383,563
383,564
383,565
383,566
383,567
383,568
383,569
383,570
383,572
383,573
384,553
384,554
384,555
384,556
384,557
384,558
384,559
384,560
384,561
384,562
384,563
384,564
384,565
384,566
384,567
384,568
384,569
384,570
384,571
384,572
384,573
384,574
385,554
385,555
385,556
385,557
385,558
385,559
385,561
385,562
385,563
385,564
385,565
385,566
385,569
385,570
385,571
385,572
425,308
425,309
425,310
425,311
425,312
425,313
425,314
425,315
425,316
425,317
425,318
425,319
426,307
426,308
426,309
426,310
426,311
426,312
426,313
426,314
426,315
426,316
426,317
426,318
426,319
426,320
427,307
427,308
427,309
427,310
427,311
427,312
427,313
427,314
427,315
427,316
427,317
427,318
427,319
427,320
428,307
428,308
428,309
428,310
428,311
428,312
428,313
428,314
428,315
428,316
428,317
428,318
428,319
428,320
429,307
429,308
429,309
429,310
429,311
429,312
429,313
429,314
429,315
429,317
429,318
429,319
429,320
430,307
430,308
430,309
430,310
430,311
430,312
430,313
430,314
430,315
430,317
430,318
430,319
430,320
431,307
431,308
431,309
431,310
431,311
431,312
431,315
431,317
431,318
431,319
431,320
432,307
432,308
432,309
432,310
432,311
432,312
432,315
432,317
432,318
432,319
432,320
433,307
433,308
433,309
433,310
433,311
433,312
433,314
433,315
433,316
433,317
433,318
433,319
433,320
434,307
434,308
434,309
434,310
434,311
434,313
434,314
434,315
434,316
434,317
434,318
434,319
434,320
435,307
435,308
435,309
435,310
435,311
435,312
435,313
435,314
435,315
435,318
435,319
435,320
436,307
436,308
436,309
436,311
436,312
436,316
436,317
436,318
436,319
436,320
437,307
437,308
437,310
437,311
437,312
437,316
437,317
437,318
437,319
437,320
438,307
438,308
438,309
438,310
438,311
438,312
438,313
438,314
438,315
438,316
438,317
438,318
438,319
438,320
439,307
439,308
439,309
439,310
439,311
439,312
439,313
439,314
439,315
439,316
439,317
439,318
439,319
439,320
440,307
440,308
440,309
440,310
440,311
440,312
440,313
440,314
440,315
440,316
440,317
440,318
440,319
440,320
441,307
441,308
441,309
441,310
441,311
441,312
441,314
441,315
441,316
441,317
441,318
441,319
441,320
442,307
442,308
442,309
442,310
442,311
442,312
442,314
442,315
442,316
442,317
442,318
442,319
442,320
443,307
443,308
443,309
443,310
443,311
443,313
443,314
443,315
443,316
443,317
443,318
443,319
443,320
444,307
444,308
444,309
444,311
444,312
444,313
444,314
444,315
444,316
444,317
444,318
444,319
444,320
445,307
445,308
445,309
445,310
445,311
445,312
445,313
445,314
445,315
445,316
445,317
445,318
445,319
445,320
459,594
459,595
459,596
459,597
459,598
459,599
459,600
459,601
459,602
459,603
459,604
459,605
460,594
460,595
460,596
460,597
460,598
460,599
460,600
460,601
460,602
460,603
460,604
460,605
461,594
461,595
461,596
461,597
461,598
461,599
461,601
461,602
461,603
461,605
462,594
462,595
462,596
462,597
462,598
462,599
462,600
462,601
462,602
462,603
462,604
462,605
463,594
463,595
463,597
463,598
463,599
463,600
463,601
463,602
463,603
463,604
463,605
464,594
464,595
464,597
464,598
464,599
464,600
464,602
464,603
464,604
464,605
465,594
465,595
465,598
465,599
465,601
465,602
465,603
465,604
465,605
466,594
466,595
466,597
466,598
466,599
466,601
466,602
466,603
466,604
466,605
467,594
467,595
467,597
467,598
467,599
467,600
467,601
467,602
467,603
467,604
467,605
467,606
468,594
468,595
468,598
468,599
468,600
468,601
468,602
468,603
468,604
468,605
469,106
469,107
469,108
469,109
469,110
469,111
469,112
469,113
469,114
469,115
469,594
469,595
469,596
469,597
469,598
469,599
469,601
469,602
469,603
469,604
469,605
470,106
470,107
470,108
470,109
470,110
470,111
470,112
470,113
470,114
470,115
470,594
470,595
470,597
470,598
470,599
470,601
470,602
470,603
470,604
470,605
470,606
471,3
471,4
471,5
471,6
471,7
471,8
471,9
471,10
471,11
471,12
471,13
471,14
471,15
471,16
471,17
471,18
471,106
471,107
471,108
471,109
471,110
471,111
471,112
471,113
471,114
471,115
471,412
471,413
471,414
471,415
471,416
471,417
471,418
471,419
471,420
471,421
471,422
471,423
471,424
471,425
471,426
471,427
471,428
471,429
471,594
471,599
471,600
471,601
471,602
471,603
471,604
471,605
471,606
472,2
472,3
472,4
472,5
472,6
472,7
472,8
472,9
472,10
472,11
472,12
472,13
472,14
472,15
472,16
472,17
472,18
472,106
472,107
472,108
472,109
472,110
472,111
472,112
472,113
472,114
472,115
472,269
472,270
472,271
472,272
472,273
472,274
472,275
472,276
472,277
472,278
472,279
472,280
472,281
472,282
472,283
472,284
472,285
472,286
472,287
472,288
472,289
472,290
472,291
472,412
472,413
472,414
472,415
472,416
472,417
472,418
472,419
472,420
472,421
472,422
472,423
472,424
472,425
472,426
472,427
472,428
472,429
472,430
472,594
472,595
472,597
472,598
472,599
472,600
472,601
472,602
472,603
472,604
472,605
472,606
473,2
473,3
473,6
473,8
473,9
473,10
473,11
473,12
473,13
473,14
473,15
473,17
473,18
473,106
473,107
473,108
473,109
473,110
473,111
473,112
473,113
473,114
473,115
473,268
473,269
473,270
473,271
473,272
473,273
473,274
473,275
473,276
473,277
473,278
473,279
473,280
473,281
473,282
473,283
473,284
473,285
473,286
473,287
473,288
473,289
473,290
473,291
473,292
473,412
473,413
473,414
473,415
473,416
473,417
473,418
473,419
473,420
473,422
473,423
473,424
473,425
473,426
473,427
473,428
473,429
473,430
473,594
473,595
473,597
473,598
473,599
473,600
473,601
473,602
473,603
473,604
473,605
473,606
474,2
474,3
474,4
474,5
474,6
474,7
474,8
474,9
474,10
474,11
474,12
474,13
474,14
474,15
474,17
474,18
474,106
474,107
474,108
474,109
474,110
474,111
474,112
474,113
474,114
474,115
474,268
474,271
474,272
474,273
474,274
474,275
474,276
474,277
474,278
474,279
474,281
474,282
474,283
474,284
474,285
474,286
474,287
474,288
474,289
474,291
474,292
474,412
474,413
474,414
474,415
474,416
474,417
474,418
474,419
474,420
474,421
474,422
474,423
474,424
474,425
474,426
474,427
474,429
474,430
474,594
474,595
474,596
474,597
474,598
474,599
474,601
474,602
474,603
474,604
474,605
475,2
475,3
475,4
475,5
475,7
475,8
475,9
475,10
475,11
475,12
475,13
475,14
475,15
475,17
475,18
475,106
475,107
475,108
475,109
475,110
475,111
475,112
475,113
475,114
475,115
475,268
475,271
475,272
475,273
475,274
475,275
475,276
475,277
475,278
475,279
475,281
475,282
475,283
475,284
475,285
475,286
475,287
475,288
475,289
475,291
475,292
475,412
475,413
475,414
475,415
475,416
475,417
475,418
475,419
475,420
475,421
475,422
475,423
475,424
475,425
475,426
475,427
475,429
475,430
475,594
475,595
475,597
475,598
475,599
475,602
475,604
475,605
476,2
476,3
476,4
476,5
476,6
476,7
476,8
476,9
476,10
476,11
476,12
476,13
476,14
476,15
476,16
476,17
476,18
476,106
476,108
476,109
476,110
476,113
476,114
476,115
476,268
476,271
476,272
476,273
476,274
476,275
476,276
476,277
476,278
476,279
476,280
476,281
476,282
476,283
476,284
476,285
476,286
476,287
476,288
476,289
476,290
476,291
476,292
476,412
476,413
476,414
476,415
476,416
476,417
476,420
476,421
476,422
476,423
476,424
476,425
476,426
476,427
476,428
476,429
476,430
476,594
476,595
476,597
476,598
476,599
476,605
477,2
477,3
477,4
477,5
477,6
477,7
477,8
477,9
477,10
477,11
477,12
477,13
477,14
477,15
477,16
477,17
477,18
477,106
477,108
477,109
477,110
477,114
477,115
477,268
477,271
477,272
477,273
477,274
477,275
477,276
477,277
477,278
477,279
477,280
477,281
477,282
477,283
477,284
477,285
477,286
477,287
477,288
477,289
477,290
477,291
477,292
477,412
477,413
477,414
477,415
477,416
477,417
477,420
477,421
477,423
477,424
477,425
477,426
477,427
477,428
477,429
477,430
477,594
477,595
477,597
477,598
477,599
477,600
477,601
477,602
477,603
477,605
478,2
478,3
478,4
478,5
478,6
478,7
478,8
478,9
478,10
478,11
478,12
478,13
478,14
478,15
478,16
478,17
478,18
478,106
478,107
478,108
478,109
478,110
478,111
478,112
478,113
478,114
478,115
478,268
478,271
478,272
478,273
478,274
478,275
478,276
478,277
478,278
478,279
478,281
478,282
478,283
478,284
478,285
478,286
478,287
478,288
478,289
478,290
478,292
478,412
478,413
478,414
478,415
478,418
478,419
478,420
478,421
478,423
478,424
478,425
478,426
478,427
478,428
478,429
478,430
478,594
478,595
478,597
478,598
478,599
478,600
478,602
478,603
478,604
478,605
479,2
479,3
479,4
479,5
479,6
479,7
479,8
479,9
479,10
479,11
479,12
479,13
479,14
479,15
479,16
479,17
479,18
479,106
479,108
479,109
479,110
479,111
479,112
479,113
479,114
479,115
479,268
479,269
479,270
479,271
479,273
479,274
479,275
479,276
479,277
479,278
479,281
479,282
479,283
479,284
479,285
479,286
479,287
479,288
479,289
479,292
479,412
479,413
479,418
479,419
479,420
479,421
479,423
479,424
479,425
479,426
479,427
479,428
479,429
479,430
479,594
479,595
479,596
479,597
479,598
479,599
479,600
479,601
479,602
479,603
479,604
479,605
479,606
480,2
480,3
480,5
480,6
480,7
480,8
480,9
480,10
480,11
480,12
480,13
480,14
480,15
480,16
480,17
480,18
480,106
480,108
480,109
480,110
480,113
480,114
480,115
480,268
480,270
480,274
480,275
480,276
480,277
480,278
480,279
480,280
480,281
480,282
480,283
480,284
480,285
480,286
480,287
480,288
480,289
480,290
480,291
480,292
480,412
480,413
480,414
480,415
480,416
480,418
480,419
480,420
480,421
480,422
480,423
480,424
480,425
480,426
480,427
480,428
480,429
480,430
481,2
481,3
481,4
481,5
481,11
481,12
481,13
481,14
481,15
481,16
481,17
481,18
481,106
481,108
481,109
481,110
481,111
481,112
481,113
481,114
481,115
481,268
481,271
481,275
481,276
481,277
481,278
481,279
481,280
481,281
481,282
481,283
481,284
481,285
481,286
481,287
481,288
481,289
481,290
481,291
481,292
481,412
481,413
481,414
481,415
481,416
481,417
481,418
481,419
481,420
481,421
481,422
481,423
481,424
481,425
481,426
481,427
481,428
481,429
481,430
482,2
482,3
482,4
482,5
482,6
482,7
482,8
482,9
482,10
482,11
482,12
482,13
482,14
482,16
482,17
482,18
482,106
482,107
482,108
482,109
482,110
482,111
482,112
482,114
482,115
482,268
482,271
482,272
482,273
482,278
482,279
482,280
482,281
482,282
482,283
482,284
482,285
482,286
482,287
482,288
482,289
482,290
482,291
482,292
482,412
482,413
482,414
482,415
482,416
482,417
482,418
482,419
482,420
482,421
482,423
482,424
482,425
482,426
482,427
482,428
482,429
483,2
483,3
483,4
483,5
483,6
483,7
483,8
483,9
483,10
483,11
483,12
483,13
483,14
483,18
483,106
483,107
483,108
483,109
483,110
483,111
483,112
483,114
483,115
483,268
483,269
483,270
483,271
483,272
483,273
483,274
483,275
483,276
483,278
483,279
483,280
483,282
483,283
483,284
483,285
483,286
483,287
483,288
483,289
483,290
483,291
483,292
483,412
483,413
483,414
483,415
483,416
483,417
483,418
483,419
483,420
483,421
483,423
483,424
483,425
483,426
483,427
483,428
483,429
484,2
484,3
484,4
484,5
484,7
484,8
484,11
484,12
484,13
484,14
484,15
484,16
484,18
484,106
484,107
484,108
484,109
484,110
484,113
484,114
484,115
484,268
484,269
484,270
484,271
484,272
484,273
484,274
484,275
484,276
484,277
484,278
484,279
484,280
484,281
484,283
484,284
484,285
484,286
484,287
484,288
484,289
484,290
484,291
484,292
484,412
484,413
484,414
484,415
484,416
484,417
484,418
484,419
484,420
484,421
484,423
484,424
484,425
484,426
484,427
484,428
484,429
485,2
485,3
485,4
485,7
485,8
485,11
485,12
485,13
485,14
485,15
485,16
485,17
485,18
485,106
485,107
485,108
485,109
485,110
485,113
485,114
485,115
485,268
485,269
485,270
485,271
485,272
485,273
485,274
485,275
485,276
485,277
485,278
485,279
485,280
485,281
485,283
485,284
485,285
485,286
485,287
485,288
485,289
485,290
485,291
485,292
485,412
485,413
485,414
485,415
485,416
485,417
485,418
485,419
485,420
485,421
485,423
485,424
485,425
485,426
485,427
485,428
485,429
486,2
486,3
486,6
486,7
486,8
486,11
486,12
486,13
486,14
486,15
486,16
486,17
486,18
486,106
486,107
486,108
486,109
486,110
486,111
486,113
486,114
486,115
486,268
486,269
486,270
486,271
486,272
486,273
486,274
486,275
486,276
486,277
486,279
486,280
486,281
486,283
486,284
486,285
486,286
486,287
486,288
486,289
486,290
486,291
486,292
486,412
486,413
486,414
486,415
486,416
486,417
486,419
486,420
486,421
486,422
486,423
486,425
486,426
486,427
486,428
486,429
487,3
487,4
487,5
487,6
487,7
487,8
487,10
487,11
487,12
487,13
487,14
487,17
487,18
487,106
487,107
487,108
487,109
487,110
487,111
487,113
487,114
487,115
487,268
487,270
487,271
487,274
487,275
487,276
487,277
487,279
487,280
487,281
487,283
487,284
487,285
487,286
487,287
487,288
487,289
487,290
487,291
487,292
487,412
487,413
487,414
487,415
487,416
487,417
487,421
487,422
487,426
487,427
487,428
487,429
487,430
488,2
488,3
488,4
488,5
488,6
488,7
488,8
488,9
488,10
488,11
488,14
488,17
488,18
488,107
488,108
488,109
488,110
488,111
488,112
488,113
488,114
488,268
488,270
488,271
488,272
488,273
488,274
488,275
488,276
488,277
488,278
488,279
488,280
488,281
488,282
488,283
488,284
488,285
488,286
488,287
488,288
488,289
488,290
488,291
488,292
488,412
488,414
488,417
488,418
488,419
488,422
488,423
488,424
488,425
488,426
488,427
488,428
488,429
488,430
489,2
489,3
489,4
489,5
489,6
489,8
489,9
489,10
489,11
489,12
489,13
489,14
489,15
489,16
489,17
489,18
489,268
489,269
489,270
489,271
489,272
489,273
489,274
489,275
489,276
489,277
489,278
489,279
489,280
489,281
489,282
489,283
489,284
489,285
489,286
489,291
489,292
489,412
489,413
489,414
489,415
489,416
489,417
489,418
489,419
489,420
489,421
489,422
489,423
489,424
489,425
489,426
489,427
489,428
489,429
489,430
490,3
490,4
490,5
490,6
490,9
490,10
490,11
490,12
490,13
490,15
490,16
490,17
490,18
490,268
490,269
490,270
490,271
490,272
490,273
490,274
490,275
490,276
490,277
490,278
490,279
490,280
490,281
490,282
490,283
490,284
490,285
490,286
490,291
490,292
490,412
490,413
490,414
490,417
490,418
490,419
490,420
490,421
490,422
490,423
490,424
490,425
490,426
490,427
490,428
490,429
491,2
491,3
491,4
491,5
491,6
491,7
491,8
491,9
491,10
491,11
491,12
491,13
491,14
491,15
491,16
491,17
491,18
491,268
491,269
491,270
491,271
491,272
491,273
491,274
491,275
491,276
491,277
491,278
491,279
491,280
491,281
491,282
491,283
491,284
491,285
491,286
491,287
491,291
491,292
492,15
492,16
492,268
492,269
492,270
492,271
492,272
492,273
492,274
492,275
492,276
492,277
492,278
492,279
492,280
492,282
492,284
492,285
492,286
492,287
492,288
492,290
492,291
492,292
493,268
493,270
493,272
493,273
493,274
493,277
493,278
493,279
493,280
493,286
493,287
493,288
493,289
493,290
493,291
493,292
494,268
494,277
494,278
494,279
494,287
494,288
494,289
494,290
494,291
494,292
495,268
495,269
495,270
495,271
495,272
495,273
495,274
495,275
495,276
495,277
495,278
495,279
495,280
495,281
495,282
495,283
495,284
495,285
495,286
495,287
495,288
495,289
495,290
495,291
495,292
496,276
496,281
496,282
496,284
496,285
496,286
496,287
496,288
496,289
496,290
